200 5
1 2 3 2 1 
19 21 5
8 12 3
5 7 2
3 6 3
1 5 2
4 5 4
6 10 4
10 14 5
16 18 1
11 14 3
0 1 5
11 15 2
17 18 1
12 14 4
18 23 5
21 22 1
15 18 4
0 2 2
20 0 4
0 3 4
5 8 2
20 23 3
19 23 4
7 11 5
20 23 4
18 20 5
8 10 5
12 15 5
7 11 1
1 3 2
12 14 1
3 6 4
21 0 1
11 14 1
9 11 5
21 3 2
16 17 3
21 0 4
4 7 4
17 21 3
6 7 2
18 22 1
16 19 1
6 10 3
6 8 4
7 9 4
8 9 1
5 9 3
0 4 4
9 13 4
12 16 2
23 2 2
20 0 1
16 20 4
6 11 2
21 23 4
21 23 1
3 5 1
20 1 4
11 14 3
14 16 5
1 4 3
2 4 2
19 21 3
2 7 1
2 4 3
21 0 5
5 8 1
11 14 5
12 15 3
9 12 1
11 14 5
23 2 1
4 6 4
21 0 4
15 19 3
12 16 2
0 2 3
12 15 2
20 22 5
22 1 3
5 8 1
15 18 4
20 21 4
17 17 1
1 6 4
20 23 4
5 7 2
1 5 3
12 15 5
0 3 4
10 12 3
19 21 3
18 0 3
6 9 1
12 16 2
6 8 5
11 16 4
16 19 3
3 5 1
22 0 1
10 12 2
21 23 2
14 16 3
7 11 1
4 6 4
9 12 2
20 23 2
16 21 1
7 9 1
5 7 4
18 21 1
18 20 1
11 13 3
3 6 3
21 23 3
15 19 3
2 3 2
5 9 1
12 13 5
3 5 4
1 4 1
9 14 1
1 3 1
16 20 2
12 16 5
3 5 3
7 10 3
10 12 1
23 1 5
19 22 3
17 19 2
11 13 4
8 11 5
21 0 2
17 20 3
6 7 2
11 13 3
13 15 2
7 10 1
19 23 5
10 12 4
18 21 1
1 2 2
11 13 1
8 10 3
5 9 5
19 22 3
16 19 1
19 22 4
11 14 4
18 20 2
12 16 4
19 21 2
1 3 4
22 3 3
21 0 3
16 17 3
0 3 1
11 12 5
1 4 5
16 19 4
10 14 5
21 0 2
17 21 4
1 3 2
2 5 1
13 16 1
21 22 1
9 12 3
12 15 3
19 20 2
6 9 4
14 16 5
10 12 5
16 19 4
4 5 4
23 2 3
21 1 1
9 13 2
14 16 2
21 0 4
17 21 1
3 5 3
15 17 4
8 12 5
16 19 5
5 7 4
21 0 2
15 18 1
23 1 5
9 11 5
1 5 2
14 18 4
22 2 2
9 13 3
4 7 1
19 22 2
16 20 5
3 5 2
