2300
1117.0351918704746 3172.7787283840294
2388.338073519369 8215.031814486945
3539.435134268374 5499.7417513935
2.9979500623178446 8246.441154250952
4144.235343758388 9496.973913307384
1069.3455788654128 9223.189749424186
1409.8020966145984 1447.2493356912773
7262.928279913748 4512.527385749484
9133.35276201121 8396.403110306146
1400.5515767939303 2421.712111011478
4926.198260288927 9117.823035178277
7349.714042865999 476.9733732507453
5243.154919667063 971.5361324977123
4028.7329366261215 8201.10544813219
341.22206372603546 3089.151936405643
6579.576399241366 7586.196806159107
8366.31697042967 982.5100348369931
3980.577249455224 7213.588661650377
5069.940425448234 4899.271421960011
7161.183237074232 336.3233399428822
7553.466101623119 476.65269479695513
4275.388768233098 2516.225642496499
133.78311927800368 7581.598441225581
1477.6267215531768 1070.998754312189
3607.6492607714326 663.54798159596
508.56838531845307 5521.855930107567
4793.96481971759 9378.42909860442
1818.8918422771094 3259.9575818815774
1957.9028370463159 8684.427315518264
6827.087834984062 4103.7830310242
7163.384356450597 6805.412545442246
9421.301089146098 9619.567444706969
4364.736691283194 5129.587201021506
5924.958092703112 8998.11710277933
3429.1509848575142 884.171411006911
5239.353128707924 8819.603707884478
8588.312310957208 4841.133544295751
3125.0191854568943 5390.887625639572
2268.5000064007977 9742.564587145947
3465.1001822781036 7160.623069046371
824.1033771887074 2912.308098782872
5451.544440331647 7516.411047406102
2258.8013052735214 5009.99069306406
112.1993651999409 2760.59875932275
804.8849947997383 8607.706674509469
9002.768097337084 7089.143957911219
9163.332219992544 4986.666434936938
3490.705591346256 364.22125873966314
6510.674520237729 5061.985253954009
5685.430226862242 4400.037745653518
6239.88417628802 6255.862478578738
8445.416945867317 5475.155379564569
6638.28414241532 2669.7636429737636
7663.073456642682 5577.065489105434
1420.4089801482478 3988.876659781606
6814.240793387726 1086.103520507643
7131.910864356764 9379.933896712548
5095.491747735999 3251.7213718746684
5083.101519618842 2376.255498954145
9056.997836718978 911.8177976761422
44.28401756373823 9284.440106267006
6536.191409193329 8878.431876518209
4981.441144653456 1113.7133674328436
2606.0123800811584 2099.8005275731757
755.5245386608756 536.5993989402607
3450.38618546866 9616.984241858814
8180.546769460932 3775.924570451127
234.66374724421922 2532.262058217386
2011.263207705749 376.398092687259
1055.0897863848675 3556.1253038436967
4985.07245510015 4566.988683856611
3257.4400882497266 1477.4233263864178
9133.204817475378 1095.4145805248172
2604.7233041957206 4397.972911356433
9893.54577545945 9222.388761470438
5409.490494997031 6426.284587793649
3680.674598584456 4810.007898992995
6987.54544996612 7101.951336792085
9224.97073696342 8606.644216267048
4411.716684265653 9714.048417713348
1282.5553213494534 7564.724716329911
390.41060825113385 1402.8938721431473
9234.835382405674 79.72873033271543
8539.887990002357 3934.11908085717
9789.962819736349 6225.407896888782
1183.5060428221311 8921.875229936802
5398.085476456024 7798.171911426546
1135.1077961702515 3873.6552889449604
2572.2933529302404 9594.108510162157
7570.453518498116 1735.090913303281
2660.387368353382 1105.3983526551515
9505.949968967228 8486.262519226342
2056.8608578569524 7718.736099872088
4184.252942825559 7972.203407888775
2060.2818462734394 4028.701597794385
3900.7160130857533 3220.820630680397
5440.723641461954 9507.744297203371
7560.610751851774 7523.507875474955
1657.5569137595635 2382.1818663961135
4430.713993101577 5859.910601119339
9527.987517684076 5229.99819473952
9992.22903609042 1383.1150774800872
2337.9255603093097 3701.1840836701526
3269.67055489205 7847.994827581546
1138.411103279675 948.9197147869432
2293.8514291844826 8759.370260666583
651.8433352001007 1260.61241491908
2453.4028936837394 1506.9212901461503
6438.092380394784 1800.0623873139798
5896.987923055467 7995.759483141601
3505.09407580238 691.5697059436366
1204.927557426002 6077.4823815924965
1332.7957839520489 6249.457132297505
1880.9535467427895 6459.365988413618
2652.5092589839905 8578.507827567391
9110.205693717666 2160.397373755725
6793.776331542761 8677.336845302978
8373.493473509761 6521.265966533047
6686.070760184701 2272.1694286133866
9983.733933129735 4980.268895932065
5287.660603635206 6075.039003067559
9155.0575909287 6495.758045760347
577.0059433634334 6427.599563783326
7165.5977707999145 7498.077026800041
5871.773261064855 9852.952939075243
2151.604071215132 4308.878701956122
8589.62280573461 9143.887082665473
9412.787445135564 1218.7097567227645
5262.337104001683 4184.435309866775
5000.998284497272 4408.586555947355
3868.4905369958187 3287.0147531535376
6573.714896227393 376.19301866701704
8650.830981830215 6477.148518065404
3039.852587414965 1386.5264898818884
4440.136214303751 4350.091382183582
1468.244167976499 2451.6280858565774
3276.9391094163234 8981.111988864492
9076.34108828706 561.8707095248699
1631.3253628070102 8509.51570167742
5824.8824206534255 3028.2081772139322
8056.804820548935 9333.7266485629
6132.03524661689 7052.9610692369215
9919.893464187928 7357.579295360069
9511.094920393505 1819.6861366374162
7262.865537859006 8956.553840402019
2679.678776769132 1931.7802084965062
1250.1271718557039 1631.1494779330194
6356.364296031368 4419.73328424637
5360.935603286464 1489.0300642844745
5492.305436207139 2350.2392942271244
9449.122724591596 4293.211100523692
1013.2429922322473 5417.643993919624
7869.503531102488 9465.886336985574
3106.2274851803504 4257.7210633797595
2732.0269050147817 3720.1649327238283
1774.3676989794576 3546.885895736721
1311.618228357333 9243.263062793327
7299.66316973067 5703.081387359544
3097.123583770602 5356.617737150749
637.5847420340485 8178.110595458228
9837.129656317495 2579.2324801074906
2475.309888813807 545.8086317155952
6028.425209519759 2541.3862448263803
4875.636995004953 7665.45812359149
8783.876731915967 3163.6006927378403
3506.3516152572447 2044.8543997402257
7915.349302501525 412.16231394078153
8968.696594657818 5590.626311776769
5432.067487633591 8777.576355959656
5439.658664776757 1848.7573450004957
6646.916317294898 6687.533462305594
4736.3118469645615 3645.2382395967675
2556.50286751247 7509.689437444422
8855.873654806399 2955.944369461224
8622.302590632426 5612.583340315731
8062.504934292708 2150.0088117918526
9996.318659232076 8509.058190220325
9824.526349173724 7536.545519408004
957.077321166323 512.6822562546107
3525.3849476691535 2962.469573186425
7899.298384678756 7127.9144357432515
3991.701571790202 8549.131032496083
3958.011746533191 1695.9091400538805
2795.5368923789824 9567.13837946464
8339.667888930999 2647.6522601589813
4582.628886329492 1810.5656239004286
1965.2775634778652 5046.324341774537
9379.370628682786 9672.623317418622
997.4146629629365 2023.6677646376
4934.4028651277395 1501.037780661909
6793.442557142508 6158.1401567791645
4270.008004779578 4849.431497210513
3889.7894933979073 9116.783884505274
3237.4976865961767 2375.656243403396
6882.414226636519 6209.0011845067775
9298.380299534443 3595.930904107384
3302.126003965935 107.75977115461632
1751.599867751813 9188.872463615993
524.6010617220231 1017.3578730976096
5821.524428180309 1968.924764346156
3866.6579097322538 7591.836110661911
4668.643786095653 575.5613404733506
9264.368307709066 9034.344952551271
279.57349438932465 730.8242307963964
7932.773419702783 5883.606421384722
41.61954547122204 4308.228664379012
2949.34648678693 7667.937148303217
3561.7498631832054 7502.870019835822
7312.723852414957 6932.135153016377
4082.3354710066883 3255.0518495996826
7535.653152823462 9629.105611643088
7806.370059943297 9452.238408724548
7390.610522341524 1068.3241427650726
9392.148713470613 899.6058977433574
7775.733944965868 4018.2595999386504
9972.87590714381 879.6800413569994
5556.48140983947 8432.34440249293
8051.961390095212 2614.973634457366
6395.460446624159 5210.194127813283
5732.956034878758 5692.0712179964075
2553.057732396381 3440.227439116943
141.0525667466289 7659.961312663454
1430.9217698987732 7749.4349768497505
6492.268052417413 959.8109516554276
9939.2993960479 2011.854168790449
1591.867453350998 8928.857329390694
9032.139097843276 9540.065405007514
9489.983636381601 3869.9938031610204
9773.333017101902 6878.666042888084
8597.479796027175 9526.260276553408
5994.909060894651 5354.736391993159
6542.466289821015 7720.165405739014
9777.99052243172 8029.335564123931
2158.72390427135 1824.8041251704194
4621.727134172839 2087.466458416284
2830.1664433367723 3402.4323401402758
1859.2468198243262 7794.223882776391
9301.524180968901 9164.423557421089
7864.164980697099 8045.135421217
2162.464738047937 573.7635047991952
1026.791491398903 7371.043021216934
21.796930095806523 9730.247957769297
9632.201908520567 7989.062521808463
4296.168095122477 9599.763928565064
7508.549975451984 9732.5548857802
9876.328084534272 8727.479460366507
5874.63137893864 6217.383773986158
8637.270439127931 534.4680513700462
4132.28566068408 8512.887108489062
8677.810940404894 9219.784687220852
9588.055249296025 2404.89861255789
6738.878573333435 1951.3303927434865
6204.746869279646 9111.367503117155
4981.932706139675 3693.205993688825
3932.1656648983894 3787.949920210315
737.6909622460227 712.3664472333668
5662.026706044509 3333.4533526699706
5937.098227612903 609.7397357319823
9184.851698634398 4164.856095939047
5566.491181633399 4908.809676047849
3122.37898083756 3024.770421061961
1404.6671333104855 42.295258908441326
493.30217996425785 7211.269964886517
6866.3518131515675 6387.982541884424
1999.514900000422 7346.879830172991
6558.067857950302 535.6988815634012
9683.055696389058 7147.451561948767
9741.307504444387 6129.457332671536
5267.536464489497 9815.270931779394
9673.89901961807 4274.16130891543
9447.628478324174 1101.854080776965
1672.5734908802126 5910.831017628164
9579.71345716035 3273.3179005777138
5646.571673668576 7091.901467637125
1998.6441274698063 6019.356329587999
9349.997531518922 8177.294336225506
1298.8044079426797 1933.5994299960191
3940.762976286175 7349.085236454519
2371.446809855975 4041.5637199280186
5461.6887384329675 7936.7908622561245
6937.439766905938 9863.434944588977
7282.737217275472 630.1519885365325
3594.057098254927 394.26926036185586
3268.295457398005 5603.63691721977
3805.850131779398 9148.145088669125
5382.857041197305 3786.868232149211
5660.552335280644 7990.800805589446
9307.13271562354 6642.414089206435
5825.585524159485 9022.47227431837
5871.863809847115 2773.396852124752
3622.2388469581356 2898.7118984237713
4045.745917272798 1507.4925443772336
7106.378722672247 2876.9199994894966
5948.161027695841 8090.831480737255
742.6329704503831 1818.4888288483169
454.7145785956919 3038.730299896968
1058.082733843221 9978.146381166227
9735.201446785566 6248.933988628469
8748.033988439936 6214.271875774298
8453.687850160342 3684.454674552531
3864.8107085443385 2832.630698072035
2536.247192994354 1561.2187374760588
3269.623656114569 7372.639873323985
7629.0267618912985 5917.979279851311
3433.1393362995123 4685.7785794535885
10.003408178527184 9467.20306285701
3248.166711414041 3199.241592634556
6425.123556231133 7225.9221326565585
5301.070104753128 6977.856084849203
9424.585334507441 5934.794522244935
5563.644725038741 8431.894224728569
5980.612428554147 2238.0776591414865
6162.945795109973 5583.034078541476
9875.713988424211 7772.8185490254
9589.615692536667 9882.352807030173
3543.4837230503113 5956.461648270191
8068.33676282863 2730.772183937652
384.333157686787 2674.947499795074
5679.234765744512 3084.080486531128
148.2994337542798 3814.626992545868
5437.657246525724 364.4079944901857
3601.5389162324473 5571.4351071333585
7546.0161170393085 6984.408259707925
8817.151308990957 7939.186156031249
1450.6051669229469 714.4286631742225
716.199484537644 1920.6568907529343
1417.4295497744172 359.0739749848382
8854.74160661025 6544.344479172587
1699.320544185139 1708.3799930234966
3948.3976837398272 2429.9801869482376
8331.582864520098 7201.4054983562255
8920.56098816276 1724.4949817676702
2972.430500810884 2872.3385593341845
8215.447073312458 5131.824843011179
6348.955851504528 9541.387571290015
7060.300167165602 960.3484780980998
9953.65152335101 4995.954928191259
7125.779215512841 6913.547292753868
7811.829538397341 1984.5151320588018
5110.541513945634 2804.291097361312
3767.165487307086 422.39477659634093
1539.2331368748003 1288.9226371781049
7977.474112274331 8571.580165951713
3160.2175798743738 8225.643236287706
8799.607377675356 7277.1129776672815
5014.448805321606 5123.482916753789
7689.355711015411 954.8195361536649
5312.678599013433 9051.336072328138
7062.557081620726 8474.568969999458
3716.86921446728 5455.415813668286
702.850898640598 3154.639723969892
4821.27105276713 1848.9088731031522
8646.246930424653 426.8950371813618
4653.933844512835 7026.952164797249
3395.3324312766154 302.8976714291731
1890.7016678239474 9633.058998832874
1946.0537612521134 9484.875319445526
2527.4535966297162 8327.511114030556
127.88332273858005 6811.509554984984
4771.75219670105 8837.14719382732
3110.8618155545664 7638.882804851494
6289.954188090484 1918.669797627298
8258.753052916858 6454.202263693325
3308.1157342538627 3898.176643279877
5114.203649786582 3541.294143003374
1754.999859423353 5563.019736688115
1775.7582319924115 6285.492298462503
7980.775507972172 7522.4390606845955
8548.78774795805 4094.5313302056643
8891.087344449686 5291.603564491506
5058.84803506929 8298.17210866994
4079.981335924189 4180.631627045203
4708.936749062737 1363.8861266463898
6548.533511237675 2155.0101716100944
9092.819461144174 5908.00154323499
3380.6070797320162 7861.481733211864
2184.9082877908345 9716.922001791492
1897.4813064091577 5590.956961554295
3972.598275229322 5403.575872387686
646.8336855701829 3759.3051910218587
2314.5416341006776 7896.388039322918
1133.7152043910603 8335.284029114679
4653.734915694015 656.6348092045071
68.88795755562005 9945.508650068217
6970.000126299203 3118.8125732895764
3229.2523476230704 280.3377600219636
2257.33770361732 3093.8383145843286
4046.9157819304023 9802.792643137336
1002.9215093025567 9971.670980222118
7279.303653193201 9089.828281187969
9823.037146360311 4648.340573429297
4389.935012353343 1347.2471278798737
6143.746207821685 7382.7386698769
4706.757469067613 3786.4834946908663
3220.4099961085817 2470.2136345121116
2983.6545210801714 5356.346868890175
7283.578153049012 6525.557512596244
9052.492128909771 3198.619651938801
2804.5903488406752 4287.60271993371
6289.168744844097 5792.964272670951
9613.378715041163 2246.227653860897
2662.4340342495157 113.55442732876698
3347.4814763922122 2967.9458507080026
7719.496053882197 7806.192436258256
756.8792110929102 8762.164496549522
8147.630400117598 5607.682609629317
3332.27856224134 6048.764999006011
519.5380730964272 4095.565192431928
157.0944771513083 4287.381425410001
7866.247420359122 8120.745709925411
3014.608525837548 4961.380634297419
2440.3776191281745 8904.516044087452
5054.7930740394495 7750.206388503775
322.59672035120144 7067.028411105659
5007.792094611291 2793.9678948619585
8855.714621905317 8988.282584316501
5340.52002213471 8885.32842853289
3919.813374738095 5594.592703648175
9314.066459175547 632.930745293242
5166.391544350413 9661.126155653512
7132.837627962249 7166.421530719971
9488.084905367026 6628.176825904788
8089.3435144175955 8204.124658487008
6203.7401983641585 1166.8376829521244
7388.130606584164 5444.731929053598
3415.066767780489 5125.4143827421285
3977.589595885005 7795.527938571961
9364.110095344917 9615.158553064968
9479.729343829484 3795.114102629622
4578.900818876655 8359.915799991652
677.4672842937057 1527.4180538485748
646.4706511625673 6333.832098802279
9376.022523324096 9485.879198124234
583.0244376380056 7603.7025844895925
5237.151209713699 2737.06011825803
8729.202697306699 6447.198844745844
5134.780540545834 1711.8977315808338
7418.466815697268 6858.390293207382
7079.656321205914 2997.4402309420966
6299.9268791531185 9696.27153546484
6410.185328152669 2681.3841746373446
5498.135796800168 8296.889143172531
8994.262752241188 7159.210416425339
7804.211022324058 9950.76316339688
7146.837561148474 9069.320278051715
109.67294186991606 9398.320917151113
4386.640504747245 424.2993454098254
9679.14786606328 590.4187137869254
1763.639105006939 3794.5833349892955
1334.5150080293977 813.3903784585228
7792.912985924208 3825.5459080520636
508.88772695706683 1832.6412712698059
1587.7965054416231 4844.885415348479
7487.119864064518 5718.590757768518
9279.66764303297 6129.053356140929
540.9635901899512 4209.775178126584
8007.484051997419 1229.6489495656526
3980.8231245597094 4506.304961684757
4328.777081739504 8193.87707346435
5297.482815949011 4558.801717379759
2601.2313465739167 953.7616670576166
7240.634774458654 4166.212751723897
6753.5042810744 5222.457247143516
8245.944437993952 2586.4457353080793
281.0038688389538 4012.1503378293487
2999.3494749129245 4982.912420081842
7974.099725081974 9170.94440453304
437.29620096661813 6129.781415089554
4225.724150440169 1047.1243435721944
2907.0950944071615 4027.205121637345
7568.09470900906 3225.5081370872763
8441.834826949853 5542.797937250942
2120.6300920819754 4556.944520079298
8845.70781690937 4607.917496854775
2431.5789290344346 6371.335190812052
7297.297462299627 6631.141194195582
5829.869227661254 2625.8503497802867
2939.836517611337 4468.659753857917
2655.101245259135 4633.866595126927
3096.977141371171 3553.0778669061815
1908.4286045849697 6526.881395780676
4743.86443341985 7127.003158492532
2753.8668155394885 4890.430643714376
242.68361954798868 7323.558297611135
4675.05974734653 4647.474224954273
8845.293220833495 2384.094396620716
3603.1152446974656 3225.0638633434523
5261.835425392951 29.70156789629419
4899.470138178063 4311.667296761176
6086.381654427982 3105.4081628050367
144.70624784635456 9698.909961679643
692.0860833328868 4367.675437804421
3559.6922031449817 5838.048775804794
8412.729438632441 1285.6076546705285
599.4342265561281 2556.8024337773686
6603.928079507377 7692.828718170329
639.8008156298096 8453.888107185983
7369.848408666545 9708.058377704432
1923.992702367896 8285.582800169794
9360.829735103403 6225.769070071721
7797.610968434015 660.1857951697476
6453.51414841988 2473.568300488406
2524.2746454994503 6473.926419630058
7282.084383042209 2462.8816892351233
4993.046785773756 7154.013191130558
6062.27539982767 4463.907106841114
3218.147645090813 2543.5007986951055
3060.6501984265064 1991.3369561709426
9759.04621105436 2666.471768027442
6196.4485150180835 7995.862035496484
3838.1706158840066 5712.409697673833
7079.449645553893 2872.550807447443
7290.295631036116 3649.108215409519
3188.678524592379 2559.964229016447
9619.301781298262 7735.59397089882
9551.837976698574 6488.4028727573905
9630.429103906827 5387.661027383982
1954.4635690895495 4654.223946772045
8976.71782195849 9893.572942888897
8992.98722861317 5775.365402191797
6798.496713005255 8041.269985601974
4615.895016789027 6528.669346491408
2623.258416893428 5500.350823128526
3724.7347973958067 7390.514928938515
3803.440562189295 5056.796330018833
439.47724165855016 3518.7737526532414
3149.29759040701 5739.683357837863
4895.218371995914 6227.330202654512
4199.070972886126 1878.4907804869622
4035.901032780127 1183.7417859588961
1317.9712921862763 2486.0500066120817
3781.3869411354317 6279.651433931081
8022.841595076375 9482.676594196362
4007.2776361188157 3109.861706205024
292.44070283105606 9538.838628027157
3678.5588280707016 3435.351929491687
1498.228826556791 1783.6220556470216
6884.2503038853265 3041.9004149290486
4110.3012709515515 9805.250438214312
3281.723414362495 7411.975605474103
5210.880827280731 7134.231343668751
5789.357745730131 8794.564926789195
88.6941401423047 3350.968639467835
6780.541351495269 9348.181696147112
1970.9117113821073 8122.147584705592
6961.8424055793175 1212.9132831272073
5991.083482566605 2160.8790261522427
2144.335196184256 6059.382860700419
4899.178335943293 7713.801401099571
9826.653922746014 2542.077025588425
738.4795109209463 3151.267759793204
9648.955746995365 4253.2442502595295
3327.8638400280756 5654.9516148198145
790.8395375262068 5534.994955743181
8975.34328014355 7749.253299766001
9175.172625348268 5585.377494718115
5591.166356433025 4607.4631333259995
5792.711472763268 8319.913272226928
2409.0323019520774 5866.188124225581
657.8186638900918 8963.959199626303
3423.194367704081 7493.235898211761
5338.797697519897 7720.8498756755125
1517.276375125519 7596.0775644425075
9620.413340037036 229.08197338314616
5764.829132528088 551.5588727982313
7039.445840161288 3282.431463201926
1319.1769065348224 3569.9971555106704
2289.749157982367 662.9090507919843
8763.479924183315 1619.469518992681
4297.22813033407 7034.784593375758
7433.30466949162 8799.01714641275
325.2053475147487 1269.7519217505026
6736.9431924445635 4109.705193109593
9534.601731188788 4617.699074117621
1426.4528576865887 6288.178679615778
1179.6843397625157 8764.739495849806
31.003597595998798 5835.032055439394
9302.220153572363 9246.803261505676
7313.92700610458 1697.4147159453169
4911.509715018474 2878.0978159767233
5846.667273953932 6231.118715210807
7885.316422155309 2478.611377191716
621.0644605541094 2525.785129542163
5080.696554933539 3714.6895108488966
7852.762916365588 8868.250273613536
1275.3874575808754 912.0741825779199
9696.972315934207 4900.526711125504
8121.932183271519 7497.102332445721
2400.4399462729984 4964.021194363469
4468.346125465518 665.0879510128616
1880.257800479941 4938.113501482911
9075.016084470908 5688.940308515827
8347.4191614586 4946.219977162272
6576.377504300965 2232.6803347613245
8565.396216658824 875.1237179493098
3579.4896200295602 5019.8793081522745
8574.378766883428 2714.7614885979765
1435.0024618139944 7150.000986727272
3841.9376782831127 623.543943410737
9620.964317940428 8310.763588160802
6861.31010132324 5493.397846362429
6436.644929069508 6094.000188307389
7286.4145481283485 3499.1199140639096
637.3113319461987 7840.153961149104
3222.4101101907 7964.395642510744
9087.653093751944 4653.051793620333
2446.08165309252 2019.9614954834221
8803.904241295802 8897.948917564723
9960.827253104571 1504.2909863007037
8660.120096259876 7395.939058501205
3097.6013055856697 446.2713547160069
5866.731825116419 8822.279330343232
52.394926154412104 1482.1457235048663
2443.9501650541615 86.88214458633881
1985.7873511340563 5322.8580503867815
6929.626002390272 5628.151742347115
7159.105609047598 4422.073716150884
4144.512318628223 9119.916349125997
1161.1236870653474 2087.7776864011435
9388.196873851964 8912.401648360494
4065.7141859259673 7917.0689486252395
6418.666451954019 3378.9784586972382
9892.426872990458 3987.6975495496636
7282.66510774941 245.59853303176115
9259.629800327635 743.3028059794633
3397.2380894954613 7390.442851724331
564.8015742789858 2648.23649556992
2129.4262461304847 3355.4614165885155
5458.748252163993 7770.236487179838
9103.555947654002 6978.221772297541
761.1534062709579 6353.469435781463
568.7023275457037 8877.198215752025
7502.877018647097 3722.1679802244403
1381.4887324357771 5420.967177342596
2384.6354613375966 4239.530447635389
216.2457968050424 8249.668333228148
2118.4148765661103 94.58489043213226
1789.2888410218366 4589.948113505124
9772.018804016861 2559.392037710374
165.54419624707273 8791.11731122223
6167.581020951497 328.7200740295215
442.09831332582604 7559.484502323358
7856.387565635876 9528.369977506782
5674.980637857822 1627.2248812845014
9688.443887649286 541.7026402950409
3640.566748402346 9668.168679339431
8411.508627461775 771.4860515236155
8681.2994936307 3926.620875650344
6425.92937073064 9174.2001153665
6633.438179862462 2104.094444722516
8651.379348286839 8974.49983846725
8936.288478744797 4279.2613307463935
4703.184532145213 7917.071065878294
3517.7815972115877 767.8522613709426
201.0261111217948 2778.005363646393
9415.54492702376 6100.296337802509
2748.217270393122 7619.14475162352
4978.310320422516 3997.5704425972035
5105.551940554475 8240.574882364745
4033.6611527046907 451.5078595639155
7541.632013792479 5646.07383260683
8897.281637063877 2374.7314593712877
261.3867894498534 6393.663420373339
2648.213641489738 9197.580458153372
3989.733384619034 5126.173852257838
6814.468416031277 9741.306431581848
506.8514205210151 695.3621915814134
8144.438934967172 6516.488003219545
1573.7445399874339 2137.3636778160876
8820.551557035153 7247.049035011728
9401.23126615087 3782.7515316211156
443.7744473557337 8906.236994098994
3276.793708385638 6761.339426865232
1992.5362179483086 5865.767288356252
7019.7129609639815 5552.216947953914
1099.655009282159 4175.377446925509
9433.271506583771 1857.1966486764136
1345.580001044877 2894.3877213963565
8308.905009595197 4963.323093366428
9458.085192947601 8854.430313171455
5473.334013364201 3438.858568699561
1071.3010806377865 4268.4295102690985
7754.402593853997 9005.480879408202
180.72077794902052 1393.518115962703
5542.17021852078 5484.301788763794
3697.088555055492 4045.8592071800713
6431.441423936693 8198.119508834377
1686.7832008440187 4312.854106037469
8079.688973226918 1646.8400138518923
7279.57072246287 1955.7256775891462
3893.7712762914857 3437.4512908047973
56.43168002687271 5027.336627027927
6605.06326537584 1261.2827890702515
4961.237290558272 1331.7854221753023
272.7760666638157 7759.688068528941
4624.012797791374 624.277189230007
9833.81270586113 5671.708388423597
4301.007970302861 6854.6594401732755
8307.931255657113 7348.97166252556
6369.299900016411 5560.985722176593
9157.357994532475 6422.473741165494
5112.780797762949 6526.056488457575
9607.790012739444 7703.989464678055
8861.704369767303 4758.693065477178
4164.394912426255 9362.070213581626
6203.021976253525 2175.984397687819
7823.505090606062 9178.589983310987
6878.494272090497 5112.779133156277
7296.747239593652 9158.248299859313
294.3677984422577 2151.128417331587
1909.860329157994 6499.480005731955
3066.0442675530307 4169.392848564009
5324.237621568722 3414.2921424005026
341.2733623406927 4976.914363479431
6842.139515835463 4862.404095515809
4865.676175002543 3280.380115435404
7917.1798523942 7039.578303307356
860.1376478179046 4913.823531810538
2785.658776890324 6498.671478294477
2407.0034400164163 5860.890917026005
1862.8653818412356 1654.8105195426465
9431.007652020426 3176.051693292592
2285.6015607898116 7335.044596321744
1893.513293201584 58.195248397860944
9220.413052111286 2975.9333427988577
2297.863918645715 634.0778032200634
9514.884722070383 8163.216974581378
3229.9561677426536 662.1851741433549
9119.086383715272 7680.025252121787
8377.741598384835 9388.78249475484
1046.7909802021625 5014.839694476977
9762.325102207775 387.21306745935766
9812.65625910974 4320.835747991745
8132.49216074567 6300.221867326845
761.6510032265722 9758.179708242173
9709.850685186986 8371.804742200758
5454.4998326647965 6419.161616224658
3500.0535830543336 1601.4400733273294
3761.934179415182 5812.131633430427
8904.179962458405 7743.497197199941
8658.54521999805 4140.95195941024
9716.26649263934 9924.788127032496
4579.233701232312 4398.971415092982
2287.489045970887 5079.125310314222
8478.909234092467 2103.992252980311
3784.79978639235 2772.2386348706327
2171.4732784799594 4147.269175277977
5221.111411950584 8942.876649970003
330.3823969274966 2984.4036001068885
631.9242184304175 7129.986628803943
4270.064832874851 94.49668772685493
9268.341913150001 4193.681480801719
2716.533054450314 6831.238737377718
4463.050910583453 4232.765983710976
966.3628050150064 1057.6188142853227
9418.312833350556 3168.071402804691
3290.544014089284 8627.122060000434
6569.973268757838 604.7161981443594
9275.407031131499 2077.651003955635
9169.697487692587 3995.4904875920015
9442.7456383428 7368.495838609497
3423.4597213439256 3218.0750923330147
218.1611078694723 1004.9622734009522
8606.99225166657 4622.640323751192
7627.945372068532 6074.326803286593
8454.318238726906 680.1782924996036
7892.2277930288665 2881.1611160824036
4392.913326601233 6062.60485498863
9307.05363963424 3894.494330276684
2243.8665594537933 4641.057729801633
108.63602111382153 826.6724727526409
1625.6021331932125 1971.1071916196565
7566.498291337334 4480.783904714332
3414.8275430667586 1591.225897613292
9251.196586920032 7599.462097736189
5430.999822688066 9284.491736364085
3934.467735339373 5309.269968446542
3472.617359057122 8151.1531334215115
3715.7042658611126 1401.764356706021
8818.159186353065 2732.4476759949343
473.54415949290353 1617.2298675915386
2716.1260523292576 5760.818106497397
9957.348529868907 9748.657024946095
8143.699994132302 6827.317486646149
4910.45183198907 1430.4882224320936
6544.103289633431 8206.343592484107
247.21904571338382 7704.636057676388
7388.772978178163 7166.568868393767
2355.667685669013 9392.910601971716
2913.092001335752 6182.423536330703
815.6533896316032 392.8677708546446
1072.1057185850402 1068.0451001614633
2681.1762814757412 9981.121503345872
8832.373685279712 2760.325130229092
9443.918158035567 6350.955704617354
4645.0784382709635 3521.521758468207
833.5122547507601 3915.9609943528485
5568.7964386708345 9284.504298715316
3963.9280967943005 6982.267546651654
1547.0225312459752 687.898152728108
3755.517771902638 8157.630331168117
1056.499275041418 4705.805281456391
8533.619243475841 7478.653639841525
5505.413045673097 5350.412915999813
8984.241099762508 6822.472585192293
9635.870354826786 7720.097063487155
4241.850156406751 4079.8351870290517
3506.248649310898 8491.734217845364
655.978907511352 2685.6470248197807
2508.842348780964 1198.6133282112232
6120.429943896341 9038.04617324059
1752.6387964132318 7056.505431880096
725.5146860932482 5478.76935086444
1681.2861622373232 912.5280465580232
5003.951974414916 7586.288063014809
246.53938535298957 6567.31488194832
215.0383334399586 1311.765687646368
8782.122031006875 3646.181127935616
6095.216893348467 4633.470968351845
7643.3135504887005 4533.137500776219
6381.935379322029 982.3677169306
8631.728050123706 1890.5890235372624
6475.115069076946 5829.162447333491
1748.2762206004 3215.9927778241336
7550.207956465192 3891.7120465361068
9381.524005974316 8690.411760529045
7672.803895882911 6986.620975565464
9566.920679232797 7608.995432345355
1102.2378768310602 5700.297470977337
6343.658404364126 7470.3417728851455
4223.138997480709 3605.1021376666504
1449.0810385916907 5365.0452617162155
3826.4136171151677 1217.116454460122
1283.7676066016945 7144.991381701085
7101.077525435448 1712.3717802892413
5068.350420333154 2831.215719780912
5793.645464809034 9088.895820985861
6197.585935990199 8658.360772275899
2433.6523350042385 3851.7943275481757
4031.9350471702974 3179.783690117577
2209.5452444508046 3416.013697309714
9006.574442712785 8692.903657385703
7080.902203997851 9410.348188600085
6969.22864201034 3654.654370403927
9524.793428180326 8094.148791817543
1188.2808336264395 3902.427045946004
1725.800849006156 7829.155906544642
8863.30420764531 9580.462090196097
7215.367977041767 9087.490289461013
5804.437976643153 8868.413661154464
8635.624277131557 945.7350940406584
5101.411116706942 1566.9533958166348
3816.064381625367 9918.429472746773
7627.948531304201 4703.259324761768
2208.571519568606 5711.667628459082
9462.407883844617 6235.109960689162
4899.2259388231805 3020.7570500550028
2712.1756424792907 1797.952896928866
1919.2596635984105 9036.555290971539
7247.765615971441 2710.07518036629
834.4377600590658 5701.12710966547
66.34835537834172 7641.621373917254
4201.486856179563 8782.086924542487
6120.5060501442495 21.134533156633715
6260.669501752915 7631.095834714756
990.255532953902 4413.816214207103
8457.080236982507 2148.3640017429884
5359.367471911582 8175.0251090241945
2872.41158074526 1546.8500997796996
4157.65699110881 316.73847377969963
2195.3099418842935 9998.498479370368
5683.130277415541 58.66840106385274
6712.741203908244 9847.391607665013
6450.829109310988 7667.369289309466
7954.115636482063 2941.013677278761
9828.233380051472 4937.887720670006
698.6871302702135 3401.4969388245177
7241.551372023263 3098.0196647295775
6390.785673784912 6713.5136781669635
1549.3903302640745 1250.2631682974775
3955.2676042271205 8400.211114341388
2295.192624791318 2357.6268275948973
9010.977383962747 7096.031397350165
6666.270879235585 8852.28343234244
7797.512827745495 6094.06981230476
4448.345862281013 8680.766104888902
6930.5367833691935 4296.361460001782
8554.969021184901 7548.941498362001
7957.932102764205 5781.370123752165
2411.4363567800747 4812.591807330195
9834.329556669021 3878.706236456142
409.72655615909457 6978.094404470746
9484.40301046891 4337.543957408977
4354.274461791786 8795.362056494347
2394.9547727997624 216.80631089054714
4728.673344846466 2281.058549206687
6982.113153773299 5236.596523606318
9560.21822779539 247.25068340188616
7200.621817550231 6853.880552479913
393.69830315410303 6442.02341397713
1102.3948950121521 3616.655757616325
6153.751841653273 1023.7653124297341
2190.2851124371336 5726.359068856629
5464.166147739752 1127.8336278003421
3126.2674504303222 4727.939326135404
4589.737420099292 9121.074958601106
2882.7143142643417 7998.459846548994
9419.547610775708 3916.7147728043806
9360.734040136345 1850.7996757563483
5034.523871598957 1513.9305044381456
5690.935410428388 3178.8600636614383
7819.053295842778 7206.385767254909
3978.139301703892 9054.334236142115
1709.0998734370344 5145.27791906592
5391.2654037092825 3028.2029562803823
4985.144097397346 9746.03813829511
9315.038254237723 5547.164337342445
5504.48001249129 6844.359257848956
776.4410304744529 3865.1275864561317
2881.340949712732 2724.027118952028
7146.644962570853 620.8272347997101
7483.6595489257215 7431.404983386414
1529.0222436014756 5771.157173014165
231.37909687293566 3271.089607138995
8888.465001470826 66.52155967534989
1063.4867236125501 5346.072514626478
5691.919741291987 1703.8820985127034
2238.6804723717823 4654.487955316876
7673.240898606569 4141.918863516362
6665.438765198532 787.0295588977039
549.9823670712611 1174.9537349134687
1503.0360970968836 9677.855839502272
8944.406608485313 8826.25030507883
5099.787514769657 5456.180904471124
8339.92053860757 616.5623370757701
7173.026470546463 4621.706775470215
4103.094677284021 4722.909433639894
4085.163326081691 4290.335208631375
54.84982462952037 4442.540163722985
8466.605362197137 8591.80041301968
1080.9679616247035 9421.424953944397
4060.3883517215254 1543.4643393418778
1981.0977268874185 7815.603536338327
5131.053277384789 6398.626446561606
4126.529105242752 424.47510314580273
8277.31011885872 8165.639059092294
4890.776187561722 8984.06129888552
4768.296325681387 8992.213518109167
1693.6141110030478 9203.54923476341
1861.781023463146 89.94030828660793
1491.9335290458434 499.4170026359257
9311.370538224473 129.40112369352886
2461.8227090996456 6027.3367001040115
5006.108350682991 7831.300709590349
4959.049580239141 2408.6280949283446
7574.442015856899 9461.203246174262
5970.067915714438 6618.906532555825
8893.4857066756 5124.665997621478
6997.388695992586 6439.820274947769
4743.2115664344665 7618.517454618024
1543.5978080978618 4442.913952859183
2517.5329800433988 1313.9550170627301
7879.733538025677 625.9046411308744
4028.0181218365665 2441.7327088961883
3505.629932054163 998.0698463602433
3104.045723382426 4501.1732190165885
7546.665859684341 6311.402931163306
527.9920315445752 8560.533957591166
141.04993935706855 1008.6155091654725
616.7750554105634 1231.4557512534852
856.3759707638375 7842.29240836076
7088.497212733251 6228.083003388024
9088.079093464328 5365.277229162798
5080.613530274917 27.543731873908015
7284.016371672214 8127.778233115416
8353.265801717784 7170.363438370633
756.6493773898931 4114.325332705746
962.7806353186852 7308.589721629798
8959.724100970452 2182.918797926661
4508.241080138947 7275.121523829009
2312.0949127465574 5653.950304401096
9713.496095164928 8475.976249231046
929.1608818227381 9273.932787035164
9648.258811045904 4557.920762230377
7029.713097145942 7488.1178398034435
9494.156562266644 4878.155020683056
1363.7505172415943 4369.313536746692
9229.807157949828 6103.510075046349
9827.814043847256 8864.801332147988
3825.883792563125 2995.7075830646986
3776.354639741145 5162.1257387323685
7411.661953124916 6283.664706219055
3650.6164419158226 7736.070024644779
6724.237685226368 8326.539213018094
1326.7412307523418 6926.46021606693
4687.164891420655 8518.37950584017
6403.561481351402 8929.644449120833
6904.968875867124 1864.1209229601618
3230.124879711255 5662.784777332672
1196.6822163942436 1796.229145332583
7063.207147743079 3509.0246751610252
6759.902029003493 5824.633519407498
9221.796868808382 4405.388171577141
4861.616424300593 3209.1310768202675
7620.379563062735 5668.20826833558
6862.077054752358 6325.152392572874
7192.394132138658 7951.539776480145
689.6441903313777 6886.450870890679
8946.938475675746 1266.0608156085561
6732.703269963419 5673.2593760339005
82.11390824868215 8735.00408143183
4321.703142830602 261.90535026645256
8410.733719927679 4684.438124529821
5823.808836223016 4486.2124226984915
729.9315955193475 5059.01096901961
561.5847563994847 6522.104853933151
565.4828607703965 610.4398331504901
410.68620348302943 2440.43269534147
5909.776540192014 797.3773508728243
4959.719641635725 1343.2879002621312
6403.413667317673 2007.0070509902926
1850.6175313213203 946.2674504705293
4778.498514621759 8661.610976933298
4244.357780421082 692.5360081383403
2765.4404617294117 677.0681469349315
9190.593970635146 4120.49122314167
5963.649929161616 5157.676645392398
5931.483321622375 2222.5631774660314
8161.314115905389 646.831877365488
882.0775989531015 9556.168244963766
6116.311560326164 1629.86279073964
5501.422469933187 5297.394668262331
7076.838760802701 3006.392180600922
3933.3754022599064 4964.94544283756
340.50663839416575 2413.1811204555574
3689.1937914863724 7807.427473366386
5332.77380026099 2713.1689196637985
421.1753757101644 5471.005809254927
9952.850809219502 9498.858895678566
4856.491419939026 3155.3289654583673
3210.065776466479 6213.3044101539535
9322.980519710334 4349.694068385268
5595.779488922119 6658.184266381435
7585.318299262317 7955.923077535272
1191.7736093717467 1995.74326517881
6730.128046905321 3269.5041288899083
6914.12744620684 3298.7250798002756
1821.9503586610442 8780.239025719258
472.14874715454044 8359.455687531221
6872.818467936262 4907.077075223187
6546.385586382333 7146.299159539095
63.67683193050367 951.4389438729953
651.303047127848 2689.585392188311
8178.238802490349 8750.386140567038
9552.130285379077 1751.7716772591507
4778.4052142950295 4362.186636846014
9394.171074794469 2225.516595435313
2230.9684972816913 3991.58211073836
7404.4975737008845 7236.316555938069
1957.7361630445212 1741.0961121617597
6302.389323773854 9108.911891094634
3135.7445670697457 7926.7742948323585
5050.543225099455 5956.44329982083
1694.572313547529 4072.7305693927096
9577.612432150037 3801.7404090349505
1053.0696923325834 1632.6596060710285
7921.19506928187 9855.76319365538
137.37910190319445 1279.5319650473637
7329.350584182216 4868.625187091856
7021.215027407825 1912.1952765885853
4180.683849371286 6916.608408314488
5743.135050649421 4637.337648172862
151.43474036872882 5681.385313740531
5147.250385211667 4644.609415818073
7152.627963810385 6922.071660110774
6542.814780814881 3917.7726054473837
5559.186922404147 9746.875853800397
2561.5385074904607 4740.648060346063
6148.398448248176 1453.8814396150813
219.19425734311827 1760.7282573376183
7646.491477707281 8902.866787213377
6407.46473456082 3333.3386999767476
1130.6205282280491 4768.104081492902
1920.9771917430185 4797.934788907909
2836.649535381479 4107.569601286886
6162.659344885729 4624.475065278437
9653.446010003838 188.49941102454414
6854.944534276384 8215.708004103803
9269.908756814277 4308.447483226403
4537.087903024138 4297.148134276029
217.8586348029865 1009.3843365380295
2539.427438088622 6477.529068099092
1898.3174534363723 5539.894170244345
9188.909830064436 7117.527080071848
6726.428251653342 3890.24056648663
5258.459296084575 1230.9398648325043
2560.6851073428015 8452.111211930329
870.5542549851475 6588.511916302501
2809.5648834053254 9245.485830926084
3597.0700696767944 3901.2103050749793
7862.208075911851 649.3543447752326
9281.653860459475 7348.07488141211
4367.464426713827 1985.8345515239173
9023.54535383362 3742.92811170546
9885.190088578249 7491.288635201614
4622.246106215545 8997.604803777534
262.57656737602053 8543.87076897752
4339.417173966254 347.5292148417608
689.7676868810931 2852.650946058032
4986.575191930126 755.216914556559
496.45633977337565 9258.668257654313
9784.296487269416 5046.122312425998
91.042058974371 116.95367060397865
1002.9906822982182 8521.280154954839
9103.053139603837 1252.6771473149201
9057.20590336502 5601.653739718102
6173.652377765317 5067.719305097234
8765.054163759913 6519.6925282002985
8258.832754548308 7523.331785186083
8671.24160297058 4733.348491639892
5120.397478159502 3815.469715473002
5695.471962499351 8113.948039711414
9171.22844522661 4171.529775032295
2948.3501405075663 5653.90991725898
4469.245482174142 6979.642477762026
1931.1804455175686 8535.75340488728
3665.5704359461292 7902.186631414808
7937.633422862199 2854.116207464672
1594.1570462565091 5034.853580007052
7882.910186426415 2653.085935987879
9458.176585661411 2222.287168288822
3753.175520336427 5116.226044876705
815.8486685063526 2494.8463741306746
7786.285902248003 7605.31824395686
8389.438136916808 9217.324521084685
1377.554816254959 3074.0908505432117
5310.259055360266 8302.08053056612
3412.1408361829176 2580.2800614807406
1576.5051773637417 3804.727226341207
6804.230440900418 82.95156170648798
1102.5532148604366 3466.6133137890765
5202.5790874432705 8308.569110447892
6151.485783396606 6859.096029071775
8898.100977854514 3618.8962678195658
3749.8672000589518 1769.5148974946185
6874.214171881047 6871.218922137135
3745.7161220258226 4548.817661871616
825.3333245684946 2009.1265347783649
3320.4848690403032 4669.880901498878
2409.503048047028 8616.036403073998
5448.067806683765 1887.0268888375297
1591.8947962683405 1071.8146784658888
5874.235574094184 6816.634327685574
8739.791272665494 6670.233362901865
6849.428544562115 5244.750600713091
1938.8579480216738 1993.4125993146545
5346.439170347729 4945.662079145674
9513.260384785848 1874.412433339654
4539.529623679123 89.47078067905845
3991.087845651894 9371.193174667527
2609.388831193288 9210.360466476544
9987.478509486325 7200.54598334561
7249.9356123355665 1102.9361999340226
9103.608332012407 9788.111984902685
7066.256902156014 1023.3228707361797
7881.572743245237 5789.1518553573615
3783.838834721771 9674.995629717798
3814.762293247739 9113.502015876385
8559.408286992331 8684.395567642103
84.61920371541254 9279.884710233777
6396.095125807907 1184.0084973536013
5270.907378532437 9647.127764408167
1737.0923567056595 3132.755900929207
2924.7630151739677 103.16152935441303
2737.4838995985883 5143.371777041482
9530.413422408174 842.5818195019019
4304.355043026892 2398.4834609361083
4847.924158571989 3419.632892413196
2817.145918524869 5483.143477495177
9820.379445023711 4157.606041635038
3498.5914122029026 6457.788169035484
9729.933608770656 6289.135319952357
7179.831290750739 2128.40944530267
9563.057974409903 5588.843488897075
3302.721081707043 5012.916655738954
6453.8358135278595 467.74821440091597
5116.278026307423 9657.763009316664
6454.963377997685 2679.939039562268
1957.031788183622 5438.269539872443
4329.42170146074 5090.4240412552645
7628.877096023159 1111.466967523257
262.36687108618264 8679.647745165057
2551.627692772962 1688.4818990139372
282.688902231798 2198.58356598605
4583.554885676009 6312.02051181875
9760.701509380031 560.6082550040892
4775.375470085525 6139.464110887074
6417.709719269133 9268.203127311052
2859.760765799143 1778.7179823800902
6024.42572050509 6585.350462667293
7208.947948742194 4987.311388019236
250.8067211131848 4081.3390580433993
7750.013378297262 8961.171191429934
4084.80046336665 8573.118403946391
1463.049944702045 509.89180224087494
5438.022984121632 4005.504535347816
9439.728090550892 551.8230168838923
363.89539421767927 1917.236849564238
3968.645248809111 2425.698819939347
6941.756636978647 4011.5541615815455
3678.3363156221462 4997.603610836376
5623.079864686006 3789.9283191839086
9288.323919821358 8572.48580271883
6031.576711555525 5385.097747677309
9554.475715690636 4677.956405242575
7608.4998621491695 6207.2255183732395
8310.796606600748 6143.172705182226
7558.118800713304 1754.1845286199941
4027.390698849993 6029.593519008444
5182.74268092306 6156.327150006939
907.3453466248216 7219.805224837504
9246.371559047106 4090.7956884896644
67.41728656037726 391.8308155110806
4089.8567459830615 8747.511066338626
5441.8969540489925 1738.4739104203118
2735.234877944166 9082.237192004295
8609.72376015002 9831.568057835304
7821.255787520197 1771.1604384364166
8913.934433175593 2644.720192383807
1677.251707999926 8261.06289647958
2459.8868110244266 709.3432801935462
7455.3174490680085 9540.217860328787
277.0096901852792 8662.631391485416
2695.524655627225 2424.5853399225293
6479.576532974897 3760.4403102346805
128.35143459913323 7173.551405081456
9834.06455864601 3771.9686130938658
6492.295158727589 9053.951820045106
6861.48523444126 210.184201058351
8493.811104531715 5876.056608121101
8351.111888206948 3677.6482127357067
2175.0378635215793 1433.5214086187898
3002.8211621278524 8029.850880377773
529.0192056600806 6459.177401129796
3990.105432651492 5422.294943431336
1464.0007094379137 1530.3481124035657
580.0373903485934 5330.530070313279
6977.967583476421 3948.124929903609
6011.152581813254 4479.981201003068
23.55016387993181 2611.540979416391
1744.632256769778 9361.917658658676
6579.696861434188 7197.026726235429
8815.958061224599 6198.461032857232
3424.2824286135265 2103.216092387229
1063.5487672008614 9769.76743522669
7100.984571888444 2150.9429032430626
3809.671338176065 3553.9882817222847
4042.217887561255 1206.6479072737468
4084.629708186057 495.4158826507571
1180.6258936417269 4779.732313994093
7701.16335500031 8240.486930508969
8715.345554093983 6003.0581163149445
156.96270530600964 6718.54533774356
9582.48693180255 5952.583258218721
4547.151313772121 3406.82929544567
299.01529937107154 931.4228871294938
9552.289322078639 6920.49830813269
6518.850167772893 5463.472355492484
1966.1209959258363 6056.671535576546
5393.895632209509 8216.762680510481
5159.3842593416675 8560.18405734028
7860.252716759502 7450.176664395787
3683.182240456182 7367.394037771414
1214.4681343998752 9867.12732066795
6521.181044161508 5720.134005266636
2218.720323169003 7987.394519316913
3180.5108392038296 4333.1445326901685
8952.735035168655 8278.131956716905
696.9419729688764 5485.48207191866
8507.735956638206 8220.281650103414
6664.560915094784 399.73330886412526
1051.8836225388573 4090.1988897931883
8705.826976554205 2252.2360045935175
719.497191911792 6809.097052067154
329.2824518868187 5279.922012548671
1006.5006509895646 9672.736929138382
3401.579698741155 9823.295971708738
3106.6471193253797 6021.7746775483365
8619.183395866457 6621.165279517639
3400.0800539381303 3555.154032510377
9953.715107678217 6838.256582069477
7509.656608269778 2567.837016270047
9040.252326792383 560.9737038978491
1400.7756765480005 7022.536185934389
8626.665984997046 8376.76916098059
8396.624655800842 7556.4693342458
3510.3908875556176 719.9382129750553
5096.934500995346 6677.208411699603
4148.428077126554 660.3485737035908
7759.1945712295 453.80069825066926
1843.680267509753 5058.931655642259
3062.5941029635296 8388.982609597031
773.7604764392414 484.32700127133523
8709.637057707703 4936.220187268351
9237.699683902212 8684.881505192812
1549.7069266445662 6328.889318612988
3290.9367881576236 5693.613891821959
5843.065646353899 8642.259561606697
9183.997337132114 7236.781238373475
6167.77301361497 6049.759036007782
9079.09254781463 6525.101153841246
8883.589864963456 3736.3698695765092
8309.912543800212 5774.591415584831
1864.3794518438062 5250.95247024714
1790.2848818513373 4568.504320881506
8848.468345290346 9701.502705887606
2021.9426896756365 1345.5462756849201
7016.292718895904 1333.6101367030117
2393.1075621934574 5153.014186024828
2123.702614810452 9553.764223768048
3005.406148191938 9996.099049905619
5848.527902352187 3353.534692136444
9857.298823748319 3752.2396484601927
4127.9641899977805 9306.918905561724
4843.861084828936 5792.927485547615
6902.221227273169 2466.110135799269
6545.22276732539 7286.156180072377
2655.1699640140037 3438.474570725859
4241.956789355956 2175.2002610162267
7429.65824193215 3863.5036088386687
9966.663415389656 9561.148503276552
3141.5483445649606 1863.161357583508
4918.514372198656 7935.487702912443
6596.188891084047 5797.161641832273
3754.9788685350627 8107.4904780167735
7219.347750578046 799.4793265405331
2242.3933656012387 9505.07984180541
3718.4985518755952 965.5640882168725
4781.665780307649 9255.92853535925
1687.8143026599623 4092.355046821681
7013.472239026918 5061.004953941806
8275.842052951677 5857.337745712577
5075.154569145346 339.356290427304
4245.121665082472 8629.194361394186
1679.1515083051233 959.0042686382361
4570.342400739927 4461.567422990654
2686.61635744335 6925.158500692302
5201.6167495983345 2450.8802452141854
6890.729398252837 2308.9980148502264
5245.011977269257 507.6537034217232
324.03693382841993 6191.146427348659
8601.617227411269 8943.850767984473
8742.777845373153 4687.2569657485365
1502.3726408920702 4237.6006327272535
4144.829706305588 2913.8644170534644
7801.540310518198 995.2991743666429
9238.33909497584 3966.841828056846
5353.297417838703 3508.0143612284965
7102.355754064624 354.7969401487372
5567.8023810162695 4930.703121603738
7726.449588512093 9661.541164107659
4614.926340626562 2164.617953898541
4114.181820249368 1635.9407637940626
4102.891005781608 5715.621274503362
2877.831822436895 3709.470074921708
5529.526892769379 7352.975784043023
3179.795840597306 1346.8600791540098
3296.8053763850935 159.66979519863256
9810.207660388112 8038.887141353281
792.9083928282843 750.7114480995747
5671.638298687974 1088.6835551757802
6052.34035633128 7811.194182488651
9157.891920616525 1010.1374970146803
7849.758892368885 9054.391061377213
96.27757215939891 6777.996814244552
6914.710145485872 4244.54221344537
1369.6457738465306 128.07888916346545
1440.669513974697 5874.032501106153
344.89191960589085 6388.743760359285
6997.945955773967 1852.5631038162483
8211.89110605617 2064.103021585836
4718.702643727296 6999.3184804660905
8088.8705803534 1308.640267054606
4895.075451036387 7523.235770558347
537.8876275455046 4084.9785623453618
610.5732456942503 6581.2562486660945
1158.427223216002 9131.838072921522
5652.510637102869 3546.362271238426
6385.7113432924825 214.66125335842355
1089.534373432809 5244.177878979012
9149.488093077933 8707.091688203871
901.8939652015823 527.5263022760423
8214.359160490196 481.12325817735166
139.74796351108654 4636.002622925112
557.3233469212669 9978.091310431097
2606.2685043520773 4793.012981331315
5990.093099071171 9945.912825990032
2088.132798259479 9532.735136759855
783.5508151001136 7411.4174890367
5716.419363596524 3307.352574331074
5673.714038137165 1504.5049922314747
5482.12435989261 571.3567933870356
9133.065953867484 4048.010329986197
7190.99845593629 1812.5132080739693
8872.067409996027 4739.75129806368
9925.492903946179 9902.70854431359
3682.1602443636757 4579.46175730222
7583.337292877604 2279.654858545884
3481.554361412982 2305.4434731233896
9522.864164605026 2672.1199335324354
1134.4473446430613 9118.193898611746
1484.422395263413 195.73630928195308
4449.058265554886 3354.3931116123204
9360.730556579758 7068.157591890636
6511.260004920781 2183.3232360975917
4700.67532129634 3732.035801969463
6038.719633859758 8162.757486601639
3997.488544970197 6619.1867503825615
7336.757498016465 8347.200481388905
5142.513242333756 8938.29948635519
3651.9631360097305 3336.3176548851748
5147.513225233604 975.6725258730081
3794.164918053843 8902.677260035876
7430.379151339871 1927.8272201587877
5743.42882576028 3750.0101623472883
8467.918096950847 339.7482413008557
7958.09262254875 1970.5079193198903
4182.646707774884 5200.89357137616
2852.6092626502264 7093.804999057851
8986.908787088789 1369.069593612533
4306.925195864209 803.642128788773
324.19311346527314 9704.025713779993
7122.803072665325 7300.740041848446
4943.82012257521 2123.0023712134307
5107.704634952057 6748.796725567663
8178.3064740358495 382.93485954162264
3043.71132187084 3527.8711747141533
6626.962970835859 7753.670831769012
8607.97713789059 1376.1941208158623
5164.597666245534 7123.956808678159
5686.088990749181 5198.1484028120185
9987.187599789504 1623.0851844170147
8741.983954957372 9514.725201317604
875.4293250163403 3308.30996153352
7472.021294706401 9105.001638831902
4104.992253600821 6715.902825953476
6796.219196205348 2526.943706449247
1057.775003788316 4736.284938166905
7887.462189580411 9548.31943008705
415.53404997248464 2444.5878041749647
2211.102133639032 6871.708194298493
2342.686780089086 8088.054179329871
3877.623825539889 6436.593260814043
291.1212535624907 9906.18714709303
5499.985646259552 9590.055834779621
8371.825685490105 2454.017719952493
9821.36852923505 359.2540616119355
6623.652721975967 3971.6012029398075
3495.924512219983 9459.556915392694
6635.126612639901 8200.02198645554
4441.217590552988 2921.3113602026374
9416.336806657308 6479.7775920087415
3264.929312515704 5219.30948950875
2278.096494523073 6055.127475451517
9176.719182609737 1969.329071105821
4115.728466850513 1143.9159042288084
5109.884452154705 8465.88441103542
7788.079642599742 8268.232751013626
3338.7947666765995 1140.1927877029484
6822.848337462199 634.9226015403642
3327.0280448179146 7641.865188143741
933.6636147254162 3944.390897660066
8142.321781199803 7129.872530464175
3438.1171200319195 2314.9851792506724
9790.567706833837 6758.958021677871
3693.325507402566 7079.324013739663
469.89595117785774 5046.842704873832
7727.2911759938925 3563.438800570041
8783.277744497753 1910.1187254340823
2433.6384086811668 7381.108318691435
2607.272635834127 2366.948344777585
8496.013309881584 2287.6382526532357
957.3212254562146 7715.874593150538
49.3327793589049 2033.172274135432
7794.585635234048 7928.7154473182045
7295.747084977562 84.28090275642842
2982.1263133255693 347.02099658678765
704.8501145449582 9295.849303657189
8257.664342621769 9623.48209562092
8648.873005180436 5036.946621164532
7439.624115218927 4042.5459854773317
2399.3599578754497 2135.5446914731037
9283.595016876077 4460.96236174793
6357.893978872492 8065.954572393299
4463.563363872723 8625.726879417305
5026.23591706967 7929.349882158071
3252.7077535562566 5461.200595773288
3938.663996111039 1231.622386461191
337.69102712048914 9943.865803855368
1495.6428070836369 2235.946303147952
4991.511144794703 7124.190860508933
5328.132758052276 4952.999609786882
9879.749831951398 2354.895135450241
7859.96068500733 6126.100257978517
1384.1279184249456 9128.290737495015
6693.978546129216 8111.172381543822
8891.06359087612 9358.268741108774
3089.684922080401 7760.117918112976
2313.3812986864923 5355.45496791457
1675.823990518227 299.25602923770447
385.884284326401 6094.719787733982
3058.4310245851752 9056.97083415979
2295.4558674524137 673.7507142828703
2999.6953960996607 9722.223555491059
7123.068750778263 2242.259393199365
3422.3718787356747 7328.713337833345
3694.2108085540704 3429.4320763399987
9149.102758468347 898.4791021602945
9231.989692952824 5758.910774033369
6480.649762366794 3413.5900850977773
1678.4570219450002 5380.886769934458
4914.204845838052 6733.525272029809
7327.019303401568 30.7327168832483
1069.8247352980984 7255.193532163774
6438.152071457499 7367.440594373494
7687.042523181735 6715.421234427141
8780.168350308533 115.74485676384305
1100.4494481983563 4704.502391216235
0.8945451125708104 2244.440549929171
5477.483429315478 9239.039729091743
3325.0257245182315 2761.887142334556
9739.090036049785 355.22618247857184
9939.32051921821 1837.544303008486
7889.5951249078435 625.8301187464576
6314.690141250035 8541.297020275028
1299.6393484499224 8686.004006211888
6541.749031923417 432.7218514296061
3902.163597855346 9335.074059819852
1281.7942955902163 1883.9926791415528
7654.328409293765 3589.1849690246836
6158.830824326807 2810.6252380644305
2285.136163118998 4577.263203088878
5189.826228937871 1470.0548000214676
1075.5842873954957 1410.6077046419307
1613.22770671956 4608.976331257055
9252.506269836895 21.902672344574768
8403.470578769686 2781.3805532324764
9014.56251310065 9297.849451805003
8981.591529875139 2061.556660965954
341.78477088293135 522.199891963675
796.2037880256678 6651.143040508476
7766.939720092207 1108.2349341613963
3580.117071789689 1281.5198531822514
5462.722656744231 5853.700510145533
6867.427424822609 5213.38194702337
4803.350685659985 5613.3820239875695
1293.2904494765796 9850.970560387539
3936.930324102731 799.1126036604978
5781.678984770958 6213.066384041241
2520.3610594945526 3095.5448060302883
1625.065581674099 7657.510335003751
2593.855863422837 7396.041770404175
2024.909258830664 9048.839040280707
6561.192138507986 6536.3834978061195
9893.83504381392 2908.2970969619505
2149.5991609791754 3878.155435996028
2030.3667622947808 4454.4479214471385
4938.516970357585 3445.8573267949364
8985.089294664393 4739.294861951108
2234.501598749279 2589.755776941903
5085.01281313497 5388.50401341585
4722.266093111514 78.80982810710368
3432.9578857465235 4934.522866322964
2138.696050809724 7147.480013532329
680.2720951932728 5430.228418534207
8596.787573653652 1698.5348163549452
4171.183250283071 1115.7356690348574
3663.613682975797 2370.8761238559505
8121.006498977154 7146.356914502661
1802.5286227681315 8126.220006130294
2309.259386132876 203.07186027268222
9948.940436895808 1582.68024922951
6038.199150347729 4486.732036027704
8285.671374923173 9123.797982917296
2476.415997635464 7464.59646621347
1667.8877043799257 7274.629314159739
2889.010109817345 5816.699027972242
2851.7433092602105 6933.2531543299465
9886.54200075366 9124.908812619275
1773.3769976276349 6056.095874819604
4225.336901738787 8047.879887633091
2180.0408884646617 8652.229154097
6112.118134840506 1086.4204568542325
5397.330856519591 8537.147760958484
4313.706323944002 2666.830598722102
1631.332188646576 5263.365799021946
8370.212613413712 6005.235547735372
7733.369135744014 1460.511274045434
6444.375948796014 1114.2645998031885
2609.716307977783 9159.506305663292
8405.307060561108 1625.27173403488
1054.0616828660443 8206.91122153347
7845.263511324954 8731.808101203615
1686.7703611133 72.69584060377032
1826.196143586316 6261.3476408413335
6573.028922565678 1547.1522584824615
5935.708932172025 7371.034362844935
1781.9554570554596 2371.615546076372
4973.334024244501 9639.346999570993
324.37948105811796 9063.838706981318
7172.27676394077 342.7242324848856
5332.334477920517 6609.770939815791
6378.988208132365 6315.635384956148
3456.068592034529 8422.102534123718
2087.1338715995225 1104.9307819046294
1354.7043063898557 9696.381390637422
2873.1610463638344 9996.1628952144
5301.071120103321 2623.7544057545006
5643.204429743195 1373.183639302612
286.01146527083677 6044.15713640568
8900.258202385581 9994.71889261547
5884.531054898652 9966.299979047575
2772.5313157358432 64.3133394089046
6992.716851875492 9641.256864275543
3492.0711023479435 1596.2161509991713
5097.501051168732 914.5383261857543
5942.3250854931675 9463.527574525559
9538.186216989523 5138.961175809538
9507.39246528004 4226.285561160741
7222.765397231631 2152.893314074046
1506.1985530015031 7216.970879308586
7896.505934688392 9851.58027435809
5115.741020571598 9198.787373277752
6018.157077823733 1862.3470838825397
2216.748582219151 6078.761368783803
3752.262024888432 1440.2472166682157
551.0072117616271 3844.403272081458
6414.611126196161 4629.642933513683
5278.0759590520265 9517.515005942898
2819.6431637460837 9302.668763961949
99.42222895801045 3203.6505258792727
8113.784694752976 9660.729449194248
5898.117886364636 6721.561938638922
9265.476122166976 8129.991328221683
764.1624832628424 5612.245772548592
3529.106748811888 2374.362484382874
1957.3729585420529 4604.196944494911
7144.1308753261865 8359.080033065224
5254.848394251602 6575.897468698895
278.67777785909766 162.91266285625827
47.04043409399561 1860.9820992236826
1355.302701930704 8410.375029825896
3551.2175961064117 6011.128874319934
9815.876165640657 1696.0196055201393
4017.5855098685897 1802.3293857735546
7144.08570952217 4373.58599193815
6379.087084887091 2022.996397300384
3405.076853367536 1933.4710231634267
7278.477814306594 429.24156906596676
7878.211996742966 852.8985913137932
7449.898613018796 8755.591458163015
4422.557909399736 5256.104059868247
3966.8323858658237 3273.7392676497643
5962.590332610956 1437.3644855267964
9158.161714391961 4701.099645824039
543.1493966769984 6465.058569318383
1155.09644078187 8509.320711994813
1258.0558478182347 9819.117936981338
6155.118341900292 5457.240242750247
9606.552481770876 2042.1319884369427
2590.468999709247 5447.60443929408
4310.403253769127 3999.6975260430067
7431.14482630081 301.65811675124223
3427.492671021325 9594.385118625703
3664.24291044836 6258.589759709321
8576.981309390738 9898.957052804666
2995.73561378948 5519.203461269205
5196.613454603995 2527.0192038999253
411.0701691213603 8429.760482813981
8916.870861689495 2938.2141117257797
5855.669365286269 9770.60988413474
8165.554039765747 5432.869278007372
3586.9019591888828 4745.274404810506
8789.062979048795 9427.865426528933
4936.090223103249 4195.305527369161
6226.712520040672 4096.118935593268
2851.970585038307 1975.6204625074924
5520.736360320926 3014.5242165033737
1371.6324470612863 8387.314684739375
660.7178913006129 4796.49274322738
953.1113700019745 5293.176395499121
7746.866293847346 4775.909863382374
1804.5646126611725 1545.0818631843676
6342.360394244718 1318.7243383985326
3863.08485086151 5983.617527915386
7276.912147684018 778.7087314412988
2864.7925144109886 9757.153356392128
1288.6385684252689 706.7262768332938
63.01933425239214 742.7121129947623
9216.781370632621 8516.887883273777
7784.375338683446 6670.992309680799
4627.875135757344 4161.959038031565
491.75879987372826 5657.817794533839
82.87271566653098 9554.519552443011
5066.72851905931 8484.502689124758
8730.973284588445 3918.08421868877
1384.1961542652093 2133.647185479066
614.37823012358 8682.494784302406
6632.399659540537 3917.111252837714
104.92633689321629 8510.716280662335
7664.056510892859 8486.43906700628
1121.5285388560226 4346.497260073884
4784.588472152136 2910.0709952553084
9920.309334827225 7059.757759605058
7752.310103252238 3032.310362482892
1210.3132328659437 7443.669058504675
1239.8406662466577 7622.8960694868865
6053.125008965117 5622.221006609239
2590.6034512626998 3894.994143251448
1053.4057604259128 2409.4018920597014
8143.080638206793 3010.089782058768
6427.75019576867 5626.404067071033
2630.982198755463 1220.5139617194561
4032.3794662863697 6096.82957379415
9416.79712965147 2808.016779162542
868.0427836190086 6380.900712099793
5657.554964510646 3580.5839281164563
8493.501218908468 9672.855350485788
1212.2853723067628 572.141810993656
3707.425132371501 2406.9268764425124
8746.41709668068 7882.486117932056
8329.640632993314 8896.479700715516
3564.445028171146 3648.874680886958
437.13170284386814 2493.7913251756618
6322.218387550941 3091.3677464404
6721.303560632656 7746.729741714575
1626.0017780700375 9649.00927780981
223.19703233539602 9494.972416759483
4160.632038994385 3916.7075964704236
2587.950666478813 6073.603396922511
852.4527262179515 1836.8780864741452
1473.9379299567634 7655.196017198903
7401.460407941589 4966.410567537117
151.89589954092807 8152.952263726227
4246.269254028073 3282.091884834988
659.0588470504932 2188.0868384644523
9908.119767395585 448.6707313035831
22.262286831861154 5147.069582833969
530.7351424313223 2969.7815902366765
7160.906849967341 2124.3061000882203
716.9941657421098 1617.9810311868937
8845.609485861447 6681.74693028417
4659.766083238941 8965.451191606362
6325.636284031315 3971.8651183765564
4748.003138636632 1586.269403371714
2960.113617301915 8533.745830298438
8501.681688877994 5666.794602717119
6031.133572650398 2672.5367257207677
4056.4577102027256 5659.553425427519
346.4462219225939 2433.017224955695
2746.3775623499264 4110.448611023596
7741.2687456377735 4067.6422434904093
891.3284380994091 1177.3033775232723
4434.485498423045 4650.783153633817
7774.98504137409 7570.995064265921
1861.270073144129 9219.294122428602
260.8376144878599 7438.911144401777
6214.574075540714 6130.677149671448
6855.639755638881 794.280269507951
5272.37666940122 8160.640533299825
814.6959437977208 8850.915310533273
9500.532902821176 4243.22882777338
8995.475154440735 2749.823322727708
6978.043349969684 8125.172882128116
7352.545993468094 429.6548286074875
127.69781396349211 9042.452242360483
997.7473695059724 4581.487258706973
5812.984716476367 8529.537773347047
870.3443017166346 1836.652109103466
2037.038265891361 9280.155357040383
3258.7508150077238 1132.6353570246572
6530.473507343808 1929.9716099480825
9479.435796723681 3465.082998311385
6892.474572865869 8473.200715878205
7276.340020789804 7890.246645626903
1202.7335977350406 4575.001056868514
4566.172345254113 1467.6409615039065
1383.1928994748089 2172.5486028606842
7811.965601197813 56.055799913563575
8740.6169092457 3662.989045676376
5335.911796794144 8448.121183531133
9857.00225480961 2398.1046631145064
5008.296670920733 3394.8762379913446
3806.756665634147 7139.528957499234
4306.9363821832985 796.6081168428707
5902.0961098642765 9799.4409836648
3661.8168810455486 5002.573980458109
5208.9532632716355 1019.8625641073911
7805.888212252551 5907.236621540216
4613.77908223158 8521.967369571186
6266.404353061621 2002.8848965766842
8421.456489761715 4821.917521396766
9386.025400970773 8448.971879812025
7488.51882034077 9173.967253675011
9051.590616664109 7327.73643652669
1026.3362413884724 5185.169470027242
5825.507170204397 823.8628670416115
2825.6387387243885 7206.768808880568
2558.4316196889113 8155.158698165033
8627.749240310503 6330.156346057583
5500.707016430691 2115.993056923174
679.365952767349 7435.493116538188
8654.761758935905 650.773240372522
6950.476960169475 3599.7611909956486
5122.683289888897 4810.4010346810555
843.5168813263216 557.5740066619295
8278.59643163558 9789.215334925084
5017.39139866461 491.21049477555243
9437.385688012691 6611.425064594875
4875.785388908908 4170.204670479124
8477.485545125812 3677.607414940689
6745.471179546348 991.8369381892688
8480.116165595357 7168.497548199532
5673.250932089641 8989.928428458523
7426.909988066861 1717.786308061452
9748.799500391291 4584.536886103251
4470.562359351483 9750.686183332542
8262.265887570897 8300.188556209321
953.796675650348 4180.64311961094
8537.157991611211 2742.6302747306786
5020.5998689530925 4549.07919336204
7868.424481326445 5861.10350572639
7306.520157155375 6459.851016423888
6993.121467886003 6781.042921809639
7199.598502301633 8859.235458426612
9170.815600090256 7149.522240667579
8432.336405320806 9831.352837525863
518.43452346642 5202.56797579422
2643.075564185973 473.7350054691503
2500.9875174876606 7838.131841963538
9783.562075555485 6587.501126513366
5799.359928874708 4908.510880812412
5475.155710642604 6973.692058777598
689.4850537820573 2303.9243584401315
9624.841343679147 8596.138492930922
5785.436368716904 9657.467817814993
6054.945844861231 3754.087895444873
7740.150830091541 6013.336657458593
1035.3810270168829 8957.961401098943
2943.548723516748 9866.718000650168
3615.2599028019094 6002.289135590072
1415.0903705409246 6478.136288730768
9334.412621064199 2673.7239174547467
9500.857785217959 7753.275162391586
1948.6479517711275 7213.562305510588
3616.7575364841 2846.8333245457798
94.1531366010806 663.5518343345836
8443.346966575999 8175.242350907759
220.3009979039161 2195.0952373261225
9240.906437406742 1555.0259453629556
8673.687570299016 5136.5519385178595
5040.89931678142 5815.829585958635
4649.199446034527 9098.773711124484
1533.4684551630785 5562.574430851854
7089.8819495797625 3149.280792388881
6778.544703824291 3411.8876402731366
3645.9451861547977 4692.4340020619575
4725.057831359079 2880.2380385378724
3880.013794890519 2947.0053114405237
8917.51320605972 2709.3651124223106
9850.099476214757 1181.7192008842815
259.9113821330623 6555.150648618288
6667.546533408328 2768.819654221928
5604.223627847958 7655.410923207762
8285.348242502207 425.23951817156956
2505.9232486780024 5944.829426282544
387.5216909525514 5115.859538969452
1807.3203120179537 9753.40212434341
9552.726552372204 3035.143227973912
115.89696294997287 1763.0853271560077
9936.289740761895 6821.303466125301
6008.458971397747 1284.0525799174463
3087.870714491666 2134.4566159278256
4310.178738878189 2792.0888819323086
5951.869633002621 8039.698661459021
1659.6759676878548 8971.313595902913
182.49941109364954 1548.1738382650901
6292.9958141457955 5348.922044551415
747.9972084094854 5821.489047555413
60.23520915171776 9821.751774693914
406.56970967062557 6587.812773772669
7131.17392450436 91.85826685010446
1773.926364480969 7533.879186884235
6036.754655732523 3296.4266774435337
958.3781564534377 2830.9372389068067
8827.757047103185 9802.1916334456
405.456547597004 3913.4366661615395
8179.725017124887 4824.727609639853
1146.3440490999644 2629.4633564928727
1924.798832075435 347.4922771518307
3684.170189545092 8842.278890841259
9443.161488415486 2434.960488493576
9759.639616928429 6801.696734929955
6613.525229143152 2240.9887526954153
1928.0742401735097 4350.216114461483
8471.765464682087 4577.137935577288
6926.014515104225 9856.185961538817
6772.149307975413 1710.3086228363418
60.550648380279796 5765.974444369537
8352.317318520621 1346.4254574535794
1242.1398076789515 4450.8922520719925
6704.6852060572555 8783.055549200717
3755.8763425392526 935.4253178768945
1842.69172365522 7390.632577763769
729.214792154197 7273.796853586238
9217.148167037527 3264.2946192483246
1097.6804712366318 1866.2995311166685
6036.878446646656 1799.010367321704
7451.465858464794 6508.8002444089325
2929.5010928253187 2557.8953741684963
5191.791853405636 4076.981918310181
9558.472564983294 2327.5320342745654
6992.680126288784 9621.11313485454
6882.382231065402 3532.6102556292617
746.3924002782052 8146.295655110586
7076.443369469994 7912.676972005244
8190.667760298782 7882.683533876634
6761.1695618394915 2914.9431893047195
9386.81769627305 954.4102638231233
6552.6451117706465 6275.382409394112
6355.32623464522 2094.612537033682
2120.4041921126573 6476.665373652809
4640.020155859294 7028.572176920751
1480.8794918254675 3044.3146665873523
9670.471529688166 366.07789207387833
8971.100103563977 9744.054616356649
4618.9089781129815 1079.1742851564568
4449.303607617276 7507.340303766607
3717.416669927094 6021.75050338276
977.3825750369647 1126.2842702568066
3993.977165648066 4018.3614743244634
2269.159958655267 8518.629313198846
7331.677334235543 2614.7621264415266
2536.324612432327 4105.609418641017
4079.6292184004046 4210.097295286357
4218.888464062373 7479.812196477975
2626.278131555736 4408.160733365682
5262.645353125459 4667.16016445244
1802.5814828145726 3892.90585111431
5621.588487131494 6749.381548565022
8873.514642188256 4214.161170038472
6987.023556904102 1359.2999840869945
7024.356326302212 210.14908037871538
4261.118659914718 6712.973233667328
9673.31584579912 3228.9558761583494
6386.590518056323 6817.194446474665
7686.135864416728 3266.9527265043685
4889.423032990468 6567.9394237416245
6388.584685730309 6067.711135819152
238.38961110150825 7286.06844626966
167.45250710800352 6140.563635786722
2191.1398205829846 4313.809045462858
1432.8455055731438 5557.735888545675
8784.768385758995 2423.206676960443
3575.3257267763383 624.8069112365617
295.1323020357821 5145.321332836675
8074.38477490837 1604.5227454180167
7027.3123043136575 3401.346254952756
2221.6491027607053 3212.962173041112
4309.772821577517 4780.469820272607
8851.43911173141 6827.111319481964
417.52909138653035 9258.95713292215
4757.449145212688 9348.031572951983
9802.724870462782 6377.393103638585
1133.189054723238 6451.534510014739
9201.500772762578 8488.109525439053
6150.808983771369 4478.951380763009
6509.0775445819045 9375.736151833076
1115.353790435375 6160.043684932868
8568.065518845744 6843.853899548273
8435.328354688401 682.6487158761773
5632.751959307445 2581.0941122145537
3263.466271807162 9214.694393890393
1078.6607911952085 3990.5258239228046
9776.583510167555 3984.8439366166767
6546.514160959787 3351.8146121295754
9743.433833642035 8297.999173253858
6924.053642074098 9389.516605987967
9111.519466048298 4290.1147438621765
507.6934607246697 6995.769016619732
9028.024727729106 4493.033864623576
3817.9770967273084 8568.78051468867
7296.871421764861 7802.713426025165
7055.061968683377 7168.181846727649
5225.512683278512 6758.277101409524
1505.4516333029121 8424.30288041547
7532.717359606613 1401.4246828850273
5496.375656208754 9497.262569715711
676.3237375520048 9363.493880516724
9506.852549425479 9106.502756764914
3432.82481742042 5827.874048730735
4096.271945962277 3814.5477832036736
5955.796721186811 2501.7538811208683
3090.464326908231 9363.038586925111
4683.14487549933 8255.27867129071
1983.1558473993105 6794.583505102321
1522.0077235849594 9513.83162490217
2501.562175987536 5576.636650487338
4908.336585287318 3789.3236635974727
5967.828968132456 9317.287578949115
9619.897565773725 7016.011080488709
6591.910394316121 6179.717573106249
5070.200125120194 8556.469661817444
6634.754675798261 5589.307402225705
5932.023706914553 3171.4338445786293
4918.289616388616 4133.713456589927
4343.435884337034 351.6953038992121
8982.66028345233 5180.96605957681
818.1497944058502 2142.33112989352
1586.6586810276551 4748.21457337761
6332.519178700856 3331.867873593177
2699.906767024468 6591.0596248027705
3620.362789599949 7253.301786517954
4295.534597191526 3375.9277565299794
2833.2208897601195 2441.3823859917716
6244.470906582476 4120.442322179277
7217.97146542919 529.7699650056486
2956.4277600353084 4201.835857659934
4678.297559763789 103.91288755805527
7771.522309245508 6905.789793946018
3095.611558761585 2236.829931283254
9057.928357218312 2448.6649816222484
4753.801357732167 3866.1033848329052
8997.468855921015 5584.627933752263
3385.5057388466794 9749.956819822148
8888.221656024472 6298.152797947534
9114.816262604503 5159.422149828148
5724.417750436232 7142.438306075941
2197.198570971005 9424.727916400587
1061.0045618815877 4148.982986142595
1463.0867792499857 4935.392868927028
6633.136215523726 7705.99731347047
1769.9758454808577 6434.735793678905
5906.319302416278 9162.396229495338
277.78861376866803 2525.6329246125097
5454.700208705604 1236.626787813463
7825.4444866672875 910.7456893068078
1153.270816932439 5909.725585690751
4230.767366764353 5321.6753695011075
8332.935722148924 9198.500077776487
6328.192354691329 4275.9601811849025
3250.9023340739964 2542.5359631661536
5724.711929722132 2712.385253576405
965.1058063678863 5624.513704006874
3079.1609225386364 6185.611816132063
8840.128890089532 41.54689522532284
780.8559532336334 8089.429167539296
8717.173078950385 4441.023902916275
5311.996024546493 7839.26814729085
1369.4244892652707 8747.082231467337
4554.505739287773 8371.540923280352
9989.685198562773 1927.5670191464224
6622.0495164278955 4794.56302000535
2725.033449262294 621.2038749060333
3434.648921164145 3696.0156667608844
6375.337340504266 2770.1616265354523
4138.04215326454 6000.155525276493
8000.8784070715965 5699.039102475935
6509.599987006533 1242.2055222398799
1017.0310038508012 755.380412750487
1271.178446191875 3957.754488382288
5574.792142080416 3729.959709398827
6493.992240787014 4680.5655775310315
7449.052643058205 6940.618033134857
2229.1704973514616 8693.16541096825
3558.4487504770145 5710.208815966955
286.4248920134471 4274.858764456425
3011.4436542493127 4834.981285515168
9061.18994291151 7498.853357751462
7698.011366107601 6225.679558705244
4905.647005442022 2106.0190530228783
3468.0444288731305 6238.884970449837
6579.341482792247 7811.409044402484
5344.306729290319 9084.648781863103
5529.045725977174 5174.598065183881
3876.2582728054717 6087.035248800284
6430.27171628682 9784.623857495231
4501.715642520729 3938.2285683938344
3715.919512084246 8363.92696078416
638.1006343156215 3034.691407324812
9041.252655564693 2320.158961996702
1371.2691141401613 2932.0815309304494
8252.620107162196 9195.431933241465
1267.718109724979 4609.753126182763
730.2788414400508 3365.1445307934437
7570.914695519726 3181.294815889264
5248.354855324747 2647.2586730221183
9899.15462605524 4055.1178783254804
7732.118349740504 4663.759958011281
8338.664832739902 2482.1384332135112
9910.089549747072 8050.547187200131
4903.203173835588 3492.18837934969
383.77057167503614 8566.546767128379
2642.519745331645 1158.628658340307
3441.0301983954396 9953.64783671824
8806.562446816857 8952.552158713526
8634.856795620226 185.1038472803379
7131.819721932819 1295.7392952439072
3783.4649888267445 9629.217395284693
7505.665766346084 2024.4836849817516
4643.9001160787575 7848.417754935237
442.2380557637318 2739.4359874918405
3239.88407948841 511.94961976347207
6939.823020693016 6211.195067133964
6375.253430936665 6262.4368840847155
1980.2337604750253 8148.194913261972
2127.9898935837414 6752.641840076071
5801.493559942455 4096.4059253318355
2882.575233011043 8562.843956734743
6878.570142569582 648.8915702298303
5890.540002252228 6362.63531603202
9202.398304217935 3487.834473603941
7331.086617894871 2350.140788508436
3670.1555214657424 3455.8722758769854
9638.524737008696 8440.819406076274
714.1187513842606 5331.6503546346
5579.446042480763 700.3232228514212
2470.045575363371 9712.78834516448
1054.1506980776937 2527.1510921166173
5370.409003123729 5386.98544653713
5757.982502905171 70.11618973181477
1051.0898013122905 421.64051149663374
1512.7241595682183 3077.06630153461
7980.667992825849 6572.320534822737
3703.4575065627605 3531.395788077425
6391.40277803987 5609.312544911792
1251.7833948132595 4830.60742802685
7232.518367400246 3476.531780423908
3707.78951548247 7671.496433020828
5001.796986863349 8216.210657822281
9405.518302531698 1323.084115539108
8770.808070387433 3340.8570365014943
9199.962330474864 3134.328908119903
2050.809211487138 8811.62598016287
4518.740094374848 2906.7897551764986
6794.648104699131 4042.070178299586
1776.3269634059175 729.159576686278
7350.866997871435 3365.9465032585713
1317.761123857326 2455.614649130302
4094.058996602866 7382.390864274606
731.9049035232883 3085.2506444791284
9413.841355085926 213.84187357325612
5532.957735768022 2339.8373960281647
1351.2466225387354 9408.676482703375
4061.5390720406153 8153.463324447771
8115.3372993783405 8925.798370614384
8447.34386879584 4045.581058431701
9473.87432150552 8210.734105124859
5401.364598017147 5382.781420024398
1681.4847197608606 8515.182088644098
781.8403125037787 9618.577080687111
1143.1085836790023 1777.7473838973078
9382.227063343511 8657.197584463504
3847.418693580611 3464.140520159207
5919.717574966185 9557.57933238176
9758.239500561607 7674.0748280129355
3517.6512897727875 1382.1068766165445
83.27080552908316 5956.185875080951
7274.042922891184 6978.866815316795
5547.251944113971 2265.6683865724603
3924.8160430226985 2380.4724801461352
2087.2450394656016 1862.7899841732133
8968.254706522284 1441.5680416939913
4422.447069883394 5216.782648706888
2058.926976094433 5141.577440130485
9037.288691064716 2672.1544810548494
1097.0935682305794 6718.79579202468
5405.448763337055 2109.875782667493
3837.6985553917466 1418.042304101672
9561.119559586587 3748.719461941612
6751.49088324629 3046.991360676198
9778.271140775747 4331.262126046598
8688.731058040285 2703.343934074405
7168.942825434019 5082.168391146802
6733.981496859359 3918.0212604144017
1579.78225604558 3377.394006052243
3372.7103768305965 7351.818645669129
2798.4110878752645 3326.1793444509335
9062.73948170726 3762.731296581213
7214.284045962972 2174.941616950954
7187.168980247792 8495.296890787939
6950.088342685357 7976.249860110096
1545.920443349571 5507.841044692535
1049.5723896208885 4521.567423507205
4515.430882394804 2110.207125451634
6028.851552174804 8969.395441079625
9318.843414568284 2954.4405318689646
2188.9923095767726 7349.459832154133
9295.445589594661 8209.907892687863
1930.1897635744015 2601.4883042516212
3615.7752383735196 8329.19840045066
2307.431700132795 6694.727643620479
6018.862741107404 3210.4452774327406
1393.9654689146896 320.5296348008191
917.4671685792124 3777.143396072251
129.88594776665585 4684.4195868964225
4431.713611637655 8576.861415010157
14.610531556704665 3725.85169154504
1684.652076273405 9050.449507399946
4324.937962767882 677.6215686137643
1077.3953774096224 2051.2611376212963
9473.057020874972 2880.9243588009613
9755.925063685952 4187.060825779565
399.59887619348433 7834.04474492976
3207.0933124941835 6237.995351783215
1558.8889627785218 8649.460246302104
5158.120297512338 157.22339422762244
4172.788621824516 4031.560986660343
9609.008708478274 3130.637414109476
6774.72866402886 6636.555764641335
6740.468861183183 2171.021333673897
8152.209579239946 6927.365104160202
7939.721688579373 740.7298919660277
6193.949158714587 5868.16553716714
8555.526544889557 6015.875026560337
5977.6386493937525 9599.136691211199
7407.584689378686 6313.076419011418
3632.8869715837686 3876.742869196588
3337.377084887221 6555.443419652855
6290.85063172325 8626.050535279872
9825.489168441349 2053.0649843442593
6565.64180711355 2267.664526618329
4530.584726117616 6620.236041035758
9895.441622900224 1626.2073421162627
450.8471753320886 2045.6553689659663
9860.143991534285 4531.229982778858
920.7609814294304 277.2730787444666
1679.4983476349269 6597.867611827239
1106.1608081606055 5439.868569496109
5845.498565664205 5387.526233462548
7629.3529260281575 3840.8101078978907
7824.88581728089 8407.49539749141
9053.319281791048 2995.3198225930523
2396.053139885025 8763.027791995546
9089.195837031131 2612.5714353474496
1655.2870503138995 3867.9146108704876
5784.481771860317 6819.879602587396
7544.476130233166 9498.218218642967
8924.552532292457 1407.112508227787
4404.988134700332 8085.604864897256
2596.0581591702694 4721.78998783794
2440.385052630609 2909.994682105547
9677.480955445197 5338.257489863304
1052.1803639104544 6293.8527114767885
4180.182895312237 3794.1711309519187
2443.823068357294 8922.503528251678
4178.8293596240765 4362.528863796017
4085.2517995241465 1248.7300040587922
4128.603667242603 3750.495978787478
486.28580130062437 3439.37256112086
2792.504697217144 9317.371303677406
1936.3671233974767 202.30210696431828
9191.795980663268 5365.470635337995
9259.755208405752 8670.469609352835
8190.438423205411 2574.0128402931327
1345.0884610960868 851.6898260424699
8988.64371986428 5070.184223402572
4228.479212913688 2901.841926887413
7138.492556691256 5757.583671469532
7615.651516896624 4774.204525004198
2786.7223538993335 4033.3324881598332
5418.15436156259 9941.50572761467
4611.826674538593 196.29725895236817
6676.504929502688 1454.8890140035676
9761.442650442887 2894.1889701233868
8351.741374140083 5427.293609720201
6629.39517482598 9074.563744727702
6641.3091526935505 4468.0510772209545
1167.9029161429078 1170.1200675004286
8133.698738939476 7991.604691322933
9111.324754574316 6773.525018373204
9239.53109469104 9766.628253799241
3904.201089678321 444.57862467180865
8700.152375839367 9670.190744449163
9113.281156575114 9274.683901646315
8365.814725207927 6945.918730926027
7558.240662191352 3090.0667732275356
6378.557145442427 2858.8582665528793
7854.633238919452 3351.2962759656793
9041.275936790837 6210.856120022629
4234.382730727469 991.5417023480411
9361.99960716804 9278.89007030709
1460.0256860173256 1281.434372879008
4193.879601041135 107.67745795559946
4857.2940006522 3088.9560362319535
7671.807649359499 5010.263497473922
5486.766825288497 1646.6261758155865
2222.6905510466777 7341.980240641894
1549.2278041762374 922.6320916590469
2139.527849244931 693.9180108970367