10000 50
46 49 23 25 26 43 47 34 40 38 37 47 12 14 37 8 9 33 42 44 25 34 19 47 46 6 11 49 25 33 48 19 44 38 12 29 16 32 49 11 40 46 46 8 49 49 32 4 7 42 
15 19 39
16 18 46
16 19 42
10 15 26
6 9 6
18 20 32
15 16 9
0 4 13
13 16 10
14 16 20
19 20 43
3 5 38
21 0 40
6 9 43
9 13 16
4 5 15
20 23 31
10 14 49
17 20 25
11 12 30
8 11 34
22 1 39
18 19 41
7 10 30
17 20 7
3 4 46
13 15 44
7 11 46
7 9 23
9 14 22
4 7 25
14 19 29
18 21 49
13 15 45
17 21 24
13 15 8
18 22 28
13 16 38
1 4 45
14 17 24
9 13 23
1 5 29
0 2 19
2 4 31
3 5 39
17 19 33
5 7 48
11 15 35
2 6 6
13 17 26
6 8 9
23 2 19
19 22 9
22 1 36
8 11 45
2 6 3
17 20 15
20 23 30
7 10 20
6 9 4
11 15 45
14 19 11
18 22 6
22 2 13
6 8 4
21 22 45
6 8 44
19 22 50
14 17 30
4 8 33
2 6 44
7 10 16
17 19 46
1 5 30
17 20 14
15 17 23
4 8 8
18 21 32
2 6 46
12 16 5
10 14 39
2 6 23
18 22 4
8 10 20
15 19 43
4 6 33
20 23 40
19 22 25
15 16 40
14 17 27
8 10 20
7 9 32
16 20 25
15 17 20
8 11 48
17 19 6
0 3 39
19 22 43
17 20 5
11 15 44
4 8 9
4 7 23
12 15 40
7 13 3
18 22 50
9 11 49
12 14 33
15 18 13
13 17 49
16 20 35
9 12 4
22 22 27
17 21 10
5 8 9
14 17 38
19 21 38
23 2 31
19 22 11
23 1 10
12 15 2
7 10 6
19 22 43
13 15 42
3 6 16
9 13 4
1 4 6
17 20 48
14 19 46
20 23 29
6 8 2
14 15 36
6 9 49
16 18 33
19 22 47
21 0 34
14 17 4
0 4 48
11 15 13
11 15 13
10 13 26
17 20 29
9 12 38
2 6 44
8 10 18
16 17 15
10 14 44
4 9 14
12 17 9
6 10 29
8 13 19
16 20 7
12 15 10
0 3 1
10 14 46
18 20 17
1 5 28
19 22 25
22 1 29
16 19 1
16 19 20
21 23 34
2 5 21
5 7 22
23 1 9
12 15 29
5 8 39
5 7 34
8 11 27
5 7 31
10 12 46
15 17 2
21 0 41
0 5 27
23 1 34
19 22 14
11 14 45
22 0 44
18 22 21
11 14 40
4 8 26
1 3 46
4 8 37
22 1 38
2 5 40
14 19 42
10 13 27
1 4 13
6 8 38
13 16 24
21 22 10
21 0 5
12 16 28
23 2 13
19 21 16
22 1 9
1 4 27
7 10 35
4 6 49
5 7 33
12 15 14
3 6 38
0 3 10
2 6 16
7 9 49
13 15 5
4 7 5
0 5 11
5 9 44
10 12 4
12 15 2
9 11 5
17 20 37
3 5 49
11 15 21
16 20 13
3 6 7
14 18 36
8 11 2
6 7 35
9 10 36
0 5 26
1 3 18
20 0 44
14 16 43
21 0 46
2 6 46
0 2 31
3 6 43
16 19 5
11 13 40
9 12 14
3 6 25
0 4 33
10 14 7
8 13 35
8 11 6
15 18 36
6 9 27
7 11 11
9 12 12
15 18 47
20 1 21
10 12 33
21 2 10
15 18 16
0 3 42
5 9 2
18 21 1
20 22 3
8 12 17
0 1 45
12 15 27
3 6 49
16 22 15
6 11 15
18 19 32
20 23 30
12 15 48
3 7 48
2 3 21
9 11 37
5 8 36
15 18 41
23 4 12
0 3 44
19 21 14
19 21 24
15 19 11
6 9 40
23 2 28
21 23 23
17 20 16
14 17 18
4 8 46
13 17 10
16 19 33
18 21 19
16 18 49
17 19 38
12 14 27
18 22 24
8 12 49
17 22 43
8 11 4
1 4 44
3 6 17
16 18 13
3 5 6
23 2 36
14 19 42
21 1 42
14 17 12
2 5 7
12 13 24
17 20 15
21 0 7
7 10 39
6 10 17
21 0 17
0 5 33
17 21 21
7 10 6
16 20 49
4 6 19
10 14 37
2 5 30
3 7 23
7 10 28
2 7 25
17 19 2
9 12 29
23 1 21
11 15 35
7 10 18
16 20 39
8 10 8
10 13 49
13 17 20
14 19 9
0 3 1
23 4 22
8 10 35
21 23 29
9 13 36
16 20 22
18 23 13
13 16 30
17 20 42
9 12 1
5 6 28
14 18 47
18 21 17
1 4 19
16 17 22
13 15 42
17 21 32
16 19 47
3 4 34
14 17 4
9 12 46
10 13 26
11 14 40
0 3 22
11 14 6
12 15 38
14 17 20
19 23 34
4 8 32
16 19 35
3 6 11
17 21 11
2 5 32
3 5 26
12 14 19
22 1 34
6 8 46
4 6 29
15 17 21
12 13 31
11 15 24
0 3 11
12 15 34
1 6 4
10 12 46
16 18 49
16 19 24
19 21 28
22 2 31
4 7 48
11 14 7
18 22 26
20 22 32
7 8 13
19 22 47
3 6 33
2 6 32
22 3 19
23 2 38
15 19 26
2 7 6
8 10 5
15 19 19
7 11 27
0 3 25
15 18 35
3 6 31
7 11 19
4 6 36
20 0 42
15 20 9
6 8 2
4 7 15
2 6 28
17 20 3
1 3 22
21 1 49
17 19 34
12 15 31
10 13 33
11 15 11
3 5 18
0 2 17
6 10 18
11 13 19
19 21 9
2 6 47
22 0 29
8 10 29
15 18 19
10 13 38
4 9 31
2 5 16
6 9 19
14 18 12
1 5 14
13 16 36
20 0 47
9 12 24
16 19 30
14 15 27
3 5 38
18 20 24
1 4 19
22 0 38
1 3 23
3 7 44
19 22 14
16 20 7
15 21 48
7 10 12
13 14 12
10 13 50
19 22 42
4 7 46
0 3 49
17 20 23
1 3 1
15 17 36
11 14 17
2 5 21
14 18 4
5 10 26
5 8 9
17 19 37
6 9 42
18 22 28
16 19 10
11 15 14
10 14 5
20 22 43
21 23 31
22 2 18
18 22 45
4 5 10
1 4 39
3 6 13
14 17 40
23 1 35
18 22 2
11 14 31
11 13 47
17 19 6
19 23 5
16 19 25
0 4 6
4 7 44
6 9 46
16 19 26
5 10 43
22 1 12
11 14 49
15 18 34
10 12 36
4 7 5
12 18 5
13 15 50
17 20 45
23 3 11
12 15 25
23 2 12
5 9 35
0 2 44
5 8 43
20 23 37
6 9 18
4 8 16
8 10 39
19 21 4
17 21 24
21 1 34
8 11 19
17 19 42
16 20 7
19 21 41
18 21 41
22 23 46
3 5 47
22 1 27
10 12 15
5 7 6
11 14 48
1 4 25
12 15 34
14 17 15
23 3 36
11 13 40
2 5 40
22 0 42
17 20 36
10 13 46
19 1 35
15 17 32
16 20 21
20 0 48
6 8 13
15 18 13
2 3 33
11 13 14
3 7 49
7 12 48
13 15 30
11 13 46
17 21 10
23 3 44
14 19 17
6 8 19
1 4 36
15 18 33
16 18 16
12 16 17
0 3 41
10 13 31
4 7 19
8 10 31
18 21 27
11 14 7
2 6 17
12 15 24
14 16 32
2 5 23
1 6 1
5 7 9
1 4 36
3 6 46
19 22 5
18 19 19
3 6 22
12 13 33
23 2 11
20 22 39
11 14 8
11 13 1
21 2 40
4 8 28
19 22 42
6 11 8
12 15 49
19 21 38
4 6 12
6 11 1
4 7 6
3 7 8
2 5 4
21 1 1
16 19 25
22 1 22
10 13 34
21 1 40
22 2 21
11 15 29
22 2 44
23 0 17
1 1 30
4 5 22
20 0 17
2 7 40
15 19 48
10 13 40
18 21 11
13 16 48
19 22 30
15 18 23
7 10 47
2 5 2
20 23 16
2 4 25
8 12 9
19 22 4
4 6 31
14 17 23
13 17 48
14 16 42
23 1 45
14 19 25
16 20 27
2 5 48
20 23 49
13 15 34
19 21 48
22 1 37
0 3 48
21 0 13
22 3 31
2 6 7
13 17 18
22 23 12
23 4 10
21 0 16
8 11 5
2 4 37
4 6 25
6 9 8
14 16 16
2 5 3
0 3 12
12 17 43
3 7 44
7 10 47
14 17 18
22 0 16
5 8 36
7 9 6
15 17 23
16 18 23
17 21 17
15 18 50
13 15 23
16 20 3
10 11 11
0 1 18
2 4 6
12 14 6
18 23 14
12 15 5
23 2 15
5 8 47
18 22 36
8 10 44
21 0 17
0 2 4
14 17 24
22 1 24
20 0 47
1 5 45
14 17 15
2 3 14
13 16 42
7 9 20
15 18 42
19 22 50
16 20 4
9 13 13
15 19 47
23 4 2
20 22 14
9 13 24
21 1 27
4 7 8
22 1 44
11 14 34
23 2 16
16 19 44
4 7 49
10 12 31
6 9 38
12 16 39
2 7 31
8 12 29
13 15 17
3 6 37
2 5 4
17 20 23
13 17 35
14 17 26
1 3 19
6 9 31
12 16 3
11 15 36
8 11 13
10 17 29
5 6 49
20 0 39
1 5 36
18 23 4
5 9 16
2 5 33
12 16 32
6 8 7
6 10 46
13 16 31
20 23 34
16 20 13
23 0 34
14 16 50
13 16 7
21 0 45
15 18 29
0 3 18
19 22 6
3 6 30
12 15 34
17 19 26
21 0 15
11 15 7
7 10 5
19 21 24
13 15 26
4 7 18
16 20 44
1 4 8
5 9 50
7 8 45
14 18 32
4 5 30
9 11 46
23 1 37
4 7 49
3 5 31
13 15 13
19 22 31
20 23 12
21 0 9
19 23 7
17 19 11
20 0 4
1 1 9
11 15 38
3 5 18
3 5 23
23 2 44
11 16 41
22 1 9
4 6 16
4 7 20
0 4 42
18 20 36
11 12 41
14 17 15
21 1 43
2 6 28
3 5 1
14 18 30
22 1 50
15 18 45
0 3 30
15 19 4
12 14 46
12 15 18
19 22 38
21 1 46
3 5 12
21 0 25
8 11 41
21 0 22
2 5 48
11 14 14
8 11 14
21 1 21
3 6 6
7 9 17
9 13 44
17 20 40
8 12 37
20 23 24
18 20 47
14 18 13
1 5 40
13 16 18
10 14 29
12 16 40
14 18 3
15 17 42
15 19 24
11 13 37
21 22 29
18 22 11
4 7 15
16 18 44
13 17 45
12 13 25
5 8 21
7 11 43
5 7 20
3 8 10
2 5 41
8 10 14
6 9 33
14 14 13
11 13 49
17 20 49
5 9 21
19 21 29
1 6 34
16 20 13
1 5 2
7 11 28
17 19 36
9 9 29
18 21 20
12 15 43
20 22 29
5 8 48
1 3 27
18 20 37
2 5 1
1 4 21
14 17 21
5 9 7
22 1 40
19 23 2
8 11 30
1 4 13
21 1 45
17 19 42
6 9 14
22 1 18
17 21 25
11 15 31
14 19 12
15 18 21
13 16 3
10 13 20
6 9 34
16 20 44
1 3 11
22 3 34
0 4 29
23 1 3
14 19 30
19 23 45
13 15 3
6 10 46
16 19 34
5 7 29
8 8 23
13 17 46
11 13 48
12 15 14
18 23 14
21 0 12
17 20 19
10 12 20
22 1 11
16 19 21
6 9 25
21 0 38
5 9 36
20 23 46
7 11 40
18 20 41
19 0 34
15 19 48
23 2 30
23 3 28
23 1 28
15 17 12
9 10 32
6 9 20
7 10 30
15 18 38
2 6 38
23 2 9
17 20 33
9 13 23
5 8 36
20 23 3
0 2 2
1 4 14
10 13 36
15 16 2
23 3 9
20 22 41
14 17 41
6 8 5
16 20 2
4 7 21
20 23 13
5 8 19
22 3 25
7 11 5
2 6 27
9 13 32
0 3 39
13 17 27
5 7 28
23 2 8
1 5 29
4 7 28
5 7 29
3 5 7
16 19 40
12 15 41
16 21 1
19 22 36
5 11 47
0 4 24
11 14 15
19 20 1
6 10 20
9 10 2
5 9 20
5 8 14
7 11 3
22 2 32
21 23 44
11 15 17
5 7 2
14 17 42
16 19 34
9 11 16
15 20 23
9 10 11
9 12 15
17 22 45
8 11 8
22 0 11
1 4 24
11 15 22
5 9 41
7 9 15
11 15 37
5 8 28
21 23 36
3 8 1
12 13 8
8 11 28
16 18 43
13 16 19
21 1 47
8 11 8
8 10 34
19 22 14
12 15 32
18 19 45
11 14 48
13 15 42
15 18 29
18 21 17
10 13 31
9 12 25
19 21 29
2 5 37
20 23 31
2 4 33
18 22 29
2 6 33
2 6 20
6 8 37
20 23 32
3 6 38
7 10 6
20 21 20
5 9 19
5 8 46
17 21 2
20 21 17
2 5 24
5 8 38
10 13 46
12 15 5
20 23 20
22 2 35
7 11 6
2 5 37
3 7 29
20 22 41
3 5 24
16 19 37
5 9 28
4 8 45
9 11 9
9 12 13
19 23 24
23 2 36
6 7 1
3 7 37
18 21 19
22 2 20
7 10 9
5 7 41
9 12 40
13 16 37
20 21 25
21 1 43
12 14 3
3 5 6
21 22 16
18 20 44
20 23 4
2 5 45
8 10 10
3 6 30
11 14 46
0 4 8
15 18 28
7 8 48
6 9 6
17 20 8
8 11 8
7 10 12
11 13 40
5 8 36
17 20 17
12 16 40
20 0 18
23 3 19
12 16 9
1 5 27
19 23 30
4 7 39
22 0 4
15 17 19
12 15 47
14 16 5
9 13 49
14 18 10
15 16 34
22 1 10
20 23 46
20 0 10
14 19 17
12 15 34
22 0 31
23 2 47
20 23 39
11 14 36
18 23 25
20 0 5
4 9 32
19 23 13
12 15 33
23 1 3
15 18 8
7 9 47
14 17 11
3 5 13
2 5 36
9 12 50
13 15 23
17 22 9
4 8 21
16 20 3
22 23 27
10 13 13
14 16 1
10 12 26
17 19 47
9 12 37
13 16 46
11 14 44
7 9 6
7 12 44
2 5 50
2 6 22
11 13 47
14 19 44
22 23 47
15 17 38
10 15 12
2 6 15
22 1 49
19 21 28
23 2 2
19 23 41
16 20 13
11 13 14
2 4 22
0 2 27
10 11 11
4 7 7
20 0 1
22 0 24
12 15 34
7 11 15
5 8 40
21 0 30
16 17 29
2 6 3
16 18 42
10 11 19
5 7 37
3 4 30
10 12 46
12 15 50
6 9 32
6 8 13
22 1 12
5 7 34
4 7 8
0 2 15
5 8 12
19 23 22
22 1 6
7 11 42
0 4 33
22 1 36
20 0 24
11 13 35
5 7 42
17 18 39
1 5 45
18 21 16
18 21 24
14 17 42
23 2 31
0 3 1
9 12 18
10 11 30
22 0 16
8 10 20
23 3 23
17 21 23
6 9 43
19 21 20
20 22 18
3 6 48
0 3 37
1 4 44
11 15 26
17 20 3
22 1 13
10 11 28
1 3 39
14 18 1
16 19 4
10 13 36
15 19 30
19 23 31
21 23 3
5 8 22
15 20 12
15 18 27
5 7 45
1 3 26
0 4 8
21 23 18
2 6 33
19 22 29
8 12 48
7 10 6
23 2 2
20 1 4
18 23 34
11 13 44
8 11 34
15 17 38
23 2 29
9 10 15
21 2 44
13 14 6
9 12 13
19 22 8
18 23 48
19 22 9
9 11 40
8 11 10
13 17 50
4 6 48
3 5 20
16 17 48
7 10 27
13 17 7
3 4 18
10 13 6
5 8 34
9 12 2
11 13 5
2 4 8
8 11 5
12 17 19
18 21 21
21 1 40
7 11 26
11 13 35
5 8 21
21 0 44
1 7 23
13 15 16
18 23 22
18 22 33
5 9 29
14 17 9
8 10 20
20 0 5
11 14 48
13 17 44
1 3 47
23 1 47
12 14 38
12 16 3
17 20 8
14 17 35
2 5 41
21 3 33
1 3 35
6 8 1
9 12 13
14 18 33
21 23 25
12 17 38
23 1 1
16 19 45
14 17 15
3 6 44
15 18 19
11 15 29
17 21 19
10 14 19
7 10 27
23 3 37
16 20 5
23 3 46
2 5 26
11 14 46
17 20 1
5 6 25
15 18 26
10 13 12
0 2 44
2 5 42
1 5 13
19 23 25
4 6 24
20 22 7
22 2 4
6 8 7
4 6 7
23 2 38
14 18 24
17 22 37
19 19 27
10 12 24
14 18 9
11 15 18
1 5 36
8 10 35
23 1 12
23 4 38
21 0 3
12 17 22
21 1 4
11 14 24
7 10 29
13 16 44
12 14 13
18 21 29
0 4 3
22 1 43
14 18 19
7 10 20
14 18 38
11 15 42
21 0 16
8 11 6
22 2 31
16 18 45
6 9 7
12 16 4
6 10 14
7 7 22
22 23 18
12 15 46
19 23 19
12 16 10
15 20 45
2 3 5
20 22 17
19 22 13
14 18 22
22 1 17
6 11 8
15 17 27
10 12 20
19 23 6
3 6 9
16 18 39
8 10 48
8 9 35
7 11 8
15 17 26
1 2 41
18 20 41
0 4 15
13 14 18
9 12 28
15 18 17
20 23 23
21 23 1
13 14 35
1 7 36
8 10 3
18 23 12
17 19 15
3 5 17
11 13 12
10 14 47
3 7 9
10 13 6
0 6 43
2 4 26
10 12 47
1 4 28
21 0 14
10 14 8
17 20 19
2 4 18
8 11 25
17 19 3
8 11 9
2 4 37
3 4 12
16 18 8
16 19 29
13 16 40
18 20 8
18 21 18
7 10 5
14 16 28
1 3 11
0 4 15
23 1 19
5 7 17
6 9 10
2 7 5
3 6 35
14 17 38
3 6 46
3 6 14
15 16 27
23 2 27
16 19 14
21 0 37
0 3 17
20 22 47
13 16 44
20 0 6
21 2 12
23 2 8
10 13 42
19 22 44
5 7 49
15 18 21
5 8 43
20 1 24
6 10 18
8 10 32
17 20 6
5 10 29
12 15 16
17 21 6
17 20 42
6 9 7
4 7 12
16 19 8
17 20 24
20 23 48
1 2 40
1 4 37
3 7 2
18 22 8
19 23 32
14 18 26
3 6 45
15 16 33
4 7 17
5 9 2
11 13 1
17 20 6
5 7 26
2 6 35
23 1 47
8 9 18
3 3 32
17 20 32
1 4 48
5 8 50
23 2 23
10 13 24
20 0 46
1 2 2
8 10 8
8 10 21
18 22 46
3 6 10
14 17 12
21 0 24
1 4 30
8 11 36
18 22 13
16 19 28
6 9 27
6 10 15
5 7 27
15 18 2
7 8 13
18 20 19
1 5 48
14 17 7
16 18 46
7 11 11
14 17 37
3 6 45
15 17 45
18 21 41
16 19 44
15 17 1
19 22 50
18 22 21
0 3 23
5 7 25
5 6 43
2 3 39
3 6 47
21 1 24
6 10 48
20 21 8
23 1 38
0 2 39
16 19 25
23 3 29
15 20 49
12 15 16
16 17 3
1 4 36
3 4 39
12 15 33
21 22 20
3 7 13
12 16 36
10 12 48
12 15 2
23 2 9
9 10 29
22 1 34
14 16 38
22 0 45
12 16 2
7 10 38
21 1 17
18 21 22
4 8 31
9 12 40
16 20 35
18 21 26
0 3 2
10 14 26
12 15 35
15 17 22
1 3 17
3 6 18
18 20 49
16 21 19
14 18 29
2 5 48
21 0 41
21 22 6
16 20 39
5 5 11
21 0 18
6 11 32
16 21 42
10 12 17
15 18 44
11 15 20
12 14 10
23 2 13
23 1 2
17 19 11
9 11 32
1 4 35
6 9 19
10 12 30
23 0 49
13 17 23
19 0 23
22 1 9
10 14 4
0 3 27
8 11 36
0 4 22
14 18 4
12 16 46
5 9 9
7 13 25
22 1 38
20 0 49
21 0 29
4 4 48
0 1 37
1 3 16
6 10 11
4 7 1
20 23 47
4 8 47
14 18 23
9 12 17
2 3 35
3 5 26
18 21 31
0 3 38
17 20 3
16 20 14
21 1 48
18 0 50
13 17 32
0 3 17
6 9 30
21 1 30
15 18 36
20 22 49
2 5 12
3 7 2
7 11 33
2 6 29
5 8 47
12 14 5
6 9 44
17 20 36
16 19 36
19 21 36
2 6 38
18 20 1
14 17 31
9 12 11
2 7 33
18 21 25
1 5 31
20 23 49
22 1 2
6 6 13
16 19 13
12 15 9
10 12 40
4 7 38
10 14 38
14 17 37
16 20 8
1 4 38
1 5 49
3 6 35
3 6 42
12 15 4
0 3 48
13 16 28
19 23 43
22 1 6
15 19 22
8 12 42
17 18 44
5 10 25
7 10 24
22 1 25
14 16 9
11 14 15
12 15 35
9 12 2
23 2 14
18 21 42
22 0 3
1 4 4
7 12 30
7 9 40
22 1 36
2 7 50
22 1 7
21 0 10
0 3 29
2 4 49
19 23 31
9 13 31
8 12 46
21 0 28
13 16 1
20 23 34
11 15 22
16 20 50
20 23 23
15 19 26
23 3 20
7 10 20
20 22 13
17 19 28
4 6 18
15 16 43
12 15 47
1 3 5
19 22 42
5 8 5
20 0 26
7 9 3
11 14 34
22 0 20
4 7 11
14 15 33
2 5 3
3 6 33
11 14 8
2 5 24
15 19 2
7 10 11
12 16 44
14 16 44
6 10 42
9 9 47
8 12 39
5 6 41
8 10 32
17 19 19
6 9 22
14 17 30
1 4 43
2 5 25
13 14 41
8 11 26
2 3 2
10 13 19
8 10 22
20 22 10
7 11 20
14 18 33
21 21 33
22 0 47
11 14 15
12 17 32
13 14 40
9 12 12
22 0 50
18 20 29
10 15 30
20 23 44
6 10 30
14 16 39
16 19 29
2 7 46
9 12 40
21 1 24
16 19 1
9 13 45
20 23 15
17 20 47
17 20 9
13 15 22
21 0 39
8 10 6
2 3 43
10 14 38
17 21 42
19 22 46
0 3 3
19 22 46
15 19 29
7 10 38
6 7 45
5 8 22
11 13 48
20 21 20
0 2 29
14 17 25
13 15 26
13 16 11
22 23 2
1 3 41
16 19 30
3 5 21
16 19 18
4 6 1
10 12 46
16 17 36
20 22 37
9 13 50
10 12 37
8 13 7
6 9 29
11 14 3
23 1 36
10 12 17
4 4 26
6 8 25
14 17 6
0 4 42
1 3 32
7 10 15
1 4 10
14 17 45
23 4 12
19 0 31
10 13 46
9 14 48
1 6 2
2 5 2
19 22 12
7 9 18
16 20 25
9 13 7
2 5 25
18 20 9
7 9 27
22 23 32
14 17 28
5 8 39
18 19 15
17 21 25
13 17 6
20 23 33
20 0 37
15 18 24
3 5 42
17 19 25
12 16 9
7 11 43
15 18 38
22 0 28
7 10 1
8 12 43
1 3 44
18 20 1
11 15 6
21 0 12
13 17 34
7 10 44
20 22 35
21 1 18
16 18 11
7 10 36
9 12 2
21 2 37
8 10 48
19 22 13
0 2 10
4 7 1
4 9 12
19 23 38
21 0 8
16 18 23
6 9 37
4 5 35
18 21 6
9 12 2
5 7 49
6 10 18
14 16 9
21 0 35
22 0 19
23 2 8
6 8 43
10 13 43
22 1 40
12 14 12
8 11 4
23 1 27
3 9 6
18 21 14
1 3 19
7 12 11
10 12 47
22 2 44
16 20 28
4 9 16
16 20 36
11 16 4
20 23 24
14 18 45
5 8 7
5 9 11
21 22 48
13 16 4
14 17 28
9 10 41
4 7 18
19 23 16
14 18 32
1 4 19
11 14 16
7 11 18
17 19 30
2 5 7
14 19 40
2 5 41
14 19 45
13 14 2
0 2 10
18 23 45
16 19 49
16 19 20
3 8 3
9 12 29
4 8 16
21 1 31
12 15 13
14 18 23
6 9 34
16 19 48
3 4 39
9 11 7
9 12 16
20 23 32
11 15 20
21 23 32
14 17 41
9 12 22
1 4 15
23 2 47
3 5 6
18 20 50
1 3 6
9 11 24
3 8 45
13 16 9
1 2 32
19 22 28
0 4 37
13 17 50
10 14 9
12 16 45
11 16 39
14 18 47
2 6 10
12 15 22
5 7 32
15 18 47
15 19 22
19 23 42
20 23 6
1 6 4
3 4 48
16 17 47
18 20 29
18 21 3
12 16 49
5 9 21
7 10 5
14 17 23
14 18 7
3 6 7
10 13 7
0 2 22
3 6 4
23 2 31
18 21 48
18 22 28
7 10 38
11 15 17
19 22 31
3 6 29
19 21 26
3 5 20
21 23 4
3 6 41
2 5 13
11 14 7
8 12 14
3 5 3
23 4 43
15 18 3
7 11 34
7 10 18
9 11 39
9 12 50
10 13 18
7 11 15
13 17 3
0 3 38
4 9 12
12 15 45
23 2 27
15 18 35
2 4 47
8 10 15
1 4 14
7 12 40
19 22 10
8 11 5
6 9 26
15 18 41
13 18 22
7 10 40
18 22 46
1 3 16
5 7 27
9 13 42
1 3 33
13 17 15
7 9 10
0 3 34
0 3 19
15 18 18
15 17 3
9 14 33
13 17 13
12 14 9
15 19 1
11 14 46
10 14 26
22 1 33
6 10 8
13 16 27
18 20 16
22 23 38
22 1 25
18 21 42
12 15 43
9 13 19
22 0 40
15 17 37
21 0 3
15 16 37
7 8 6
10 16 47
16 20 12
15 19 50
2 5 34
2 5 31
23 1 34
21 23 48
3 7 18
4 7 4
7 9 2
3 6 6
0 3 3
1 3 34
7 10 37
3 6 17
8 12 29
13 16 6
10 12 43
14 16 23
21 22 3
12 15 30
20 2 3
16 18 22
18 21 41
15 18 36
23 2 48
0 3 5
11 13 2
3 6 27
22 2 43
10 13 28
8 12 28
15 17 45
6 8 3
4 7 1
21 0 33
9 14 41
20 21 13
19 21 41
14 16 30
3 7 10
0 2 16
1 5 29
9 13 50
10 13 39
5 7 19
12 14 19
13 16 4
11 15 33
23 1 39
20 23 35
2 4 42
17 21 45
12 16 37
1 4 4
21 1 11
16 21 22
0 3 1
1 3 2
3 6 18
10 15 42
13 16 27
12 14 30
8 11 46
8 10 14
10 14 46
8 12 47
14 17 27
5 7 21
16 18 9
14 17 12
15 18 36
22 0 45
3 7 15
22 0 23
17 19 7
8 12 12
3 5 17
9 12 40
16 18 44
5 10 19
13 17 32
17 21 38
2 4 42
2 3 5
5 8 49
16 19 11
11 15 15
17 19 22
11 14 45
10 12 18
13 18 36
3 5 7
8 13 34
22 1 16
19 0 47
13 18 1
5 10 48
0 2 6
14 16 9
3 6 29
5 8 41
17 19 15
1 5 13
7 9 6
19 21 45
15 20 6
16 18 4
23 2 10
14 17 9
23 2 21
13 16 4
16 18 25
2 5 11
21 23 18
9 11 21
10 14 13
1 4 29
6 8 40
6 8 46
20 22 21
18 22 47
14 16 19
15 18 16
10 13 42
12 15 48
19 22 7
12 13 29
17 17 34
7 11 14
7 11 21
19 22 25
12 15 44
6 11 31
7 9 17
18 21 50
8 13 7
18 20 47
20 22 9
17 20 29
17 20 21
22 1 17
8 11 47
3 6 35
1 5 46
7 11 44
0 4 12
9 12 28
14 17 46
13 15 12
12 15 46
19 23 21
16 20 48
7 8 14
14 16 44
19 22 9
16 18 40
1 4 35
1 3 5
15 19 15
13 13 20
8 12 42
9 12 8
6 10 50
3 5 5
14 16 48
11 15 21
14 17 11
1 5 11
22 1 27
20 0 6
20 23 31
21 1 47
9 12 6
14 18 16
23 3 15
6 10 44
5 9 44
6 10 5
10 13 20
12 16 18
9 13 49
15 17 9
1 4 10
5 9 17
1 3 39
12 16 14
20 23 12
14 17 2
21 0 50
9 12 43
12 15 45
0 3 11
2 7 1
18 20 8
11 15 7
5 8 7
22 1 28
13 16 35
21 0 33
21 0 30
13 15 38
6 9 38
20 23 9
1 4 29
21 0 21
6 11 22
10 13 26
10 14 5
12 14 39
6 8 4
13 15 31
6 12 14
11 15 19
2 6 2
15 18 45
19 23 40
21 22 21
18 20 7
14 17 2
20 23 19
13 16 12
8 12 40
4 7 24
21 23 13
12 15 29
4 7 21
19 0 35
20 0 18
10 13 42
11 14 35
7 7 1
12 14 48
20 21 11
2 5 34
10 12 32
3 8 37
23 1 31
5 7 21
19 0 43
20 23 50
5 8 2
0 3 5
2 5 10
18 21 23
10 13 47
23 3 12
0 2 9
15 18 29
22 1 27
22 1 1
20 0 28
13 15 41
19 22 32
2 5 4
21 2 9
1 4 4
19 22 47
16 19 5
8 9 33
10 13 10
20 0 18
11 15 1
9 12 25
0 3 39
5 8 3
7 9 6
15 18 41
11 15 31
23 2 22
5 7 28
4 7 11
15 17 14
18 22 35
18 21 12
8 11 5
7 12 5
8 11 5
10 13 39
10 12 3
6 9 49
0 3 4
16 19 6
9 12 6
16 19 8
11 14 50
8 11 26
14 16 3
2 3 7
0 3 40
5 8 49
18 20 31
4 7 8
15 19 9
3 6 1
6 7 40
4 6 32
19 22 29
1 3 40
20 0 45
13 16 9
19 21 37
3 5 30
0 3 2
16 19 20
19 20 49
17 19 39
10 13 31
13 16 17
12 17 1
4 6 46
7 9 46
5 7 14
7 8 44
6 8 39
8 12 22
0 4 42
10 15 30
2 4 27
3 6 36
23 1 22
23 1 46
2 5 39
12 14 42
0 4 5
14 18 19
12 13 22
8 11 41
6 9 27
22 3 6
15 17 24
6 9 41
12 16 28
15 17 42
5 9 42
19 22 44
16 19 4
4 8 37
5 8 10
19 23 38
13 15 3
22 1 1
7 10 5
7 10 1
17 21 50
22 1 30
16 20 21
23 1 45
5 7 6
21 1 24
5 10 14
9 11 6
14 15 1
19 22 27
11 12 24
23 3 29
7 9 17
21 1 21
0 4 28
13 19 34
5 8 7
0 3 47
7 9 26
10 13 2
9 12 17
12 15 1
23 3 31
3 6 7
15 17 31
18 20 4
3 7 6
21 23 46
5 7 5
12 14 32
2 6 31
1 6 36
2 6 2
16 19 9
6 9 25
4 9 14
3 7 10
11 14 37
21 0 1
18 21 43
10 10 32
3 5 3
3 6 21
1 5 8
7 9 44
6 10 8
1 4 4
23 4 48
22 1 21
14 16 43
1 3 7
17 20 30
17 18 48
6 9 36
4 8 45
20 22 45
17 21 27
21 0 38
10 12 5
16 19 14
13 16 2
10 14 5
11 14 46
12 15 48
14 18 17
22 0 9
22 2 18
22 2 37
11 14 4
12 15 47
11 13 10
17 20 45
19 20 43
5 7 23
4 6 41
12 17 2
11 14 50
7 10 26
9 10 45
8 11 1
2 4 23
3 5 27
9 14 33
2 6 29
13 16 50
3 6 2
6 9 49
20 23 3
7 11 32
19 22 15
12 16 21
20 0 4
22 2 1
8 11 42
10 13 25
13 17 45
16 18 49
18 20 39
12 15 27
16 19 40
4 7 42
21 1 22
17 20 19
4 7 20
8 11 26
15 17 10
9 12 47
20 23 46
2 6 7
17 19 44
6 11 30
4 7 7
15 17 20
23 1 5
6 8 15
3 6 34
8 11 49
12 14 49
9 11 41
2 5 36
20 23 29
0 2 49
6 8 48
0 5 3
20 23 20
10 12 30
15 16 3
17 20 31
6 9 9
3 7 43
15 15 18
14 18 39
12 15 49
2 6 32
6 11 10
15 19 35
14 16 31
2 6 31
18 21 4
0 3 43
8 13 11
3 7 31
4 9 44
11 13 44
8 11 34
17 20 9
10 13 9
21 23 43
7 10 44
15 20 37
17 18 42
2 4 4
17 19 13
4 9 22
15 16 15
14 18 32
2 5 42
21 1 34
20 23 6
9 13 6
15 17 22
16 19 37
11 15 21
23 3 44
8 10 26
9 13 27
21 0 35
16 19 25
0 1 21
23 2 42
22 23 44
3 5 3
13 16 23
14 15 40
0 2 8
20 0 26
2 6 20
6 7 50
21 0 44
8 10 3
7 11 46
11 14 33
22 2 28
3 4 31
0 4 32
1 2 39
12 13 37
0 4 10
0 3 15
23 2 9
21 23 33
0 2 25
4 5 2
0 3 25
16 18 39
4 6 36
14 16 21
8 11 49
9 11 43
13 15 31
7 10 36
1 4 7
5 8 12
21 0 26
1 3 36
20 0 33
10 11 6
11 14 36
19 23 16
1 5 5
15 18 46
15 18 43
0 4 14
21 22 13
1 5 32
18 22 8
9 10 23
2 6 25
21 0 35
19 22 21
1 4 41
21 23 27
18 22 5
19 22 1
7 10 5
20 22 28
10 13 42
10 14 34
3 5 21
10 14 39
3 6 33
20 23 14
1 5 8
15 16 8
21 1 41
6 9 18
5 10 1
6 11 3
9 11 30
21 22 1
16 19 18
2 4 24
18 20 45
8 11 6
0 3 12
8 11 3
7 9 33
18 20 43
12 17 50
19 21 30
21 0 26
12 16 44
22 2 30
10 12 10
14 17 47
16 22 14
12 16 5
17 21 49
10 13 19
0 4 42
20 23 4
4 5 16
18 21 16
0 2 40
22 0 23
23 2 16
9 13 2
1 5 29
23 1 50
9 13 5
15 16 35
6 10 46
13 15 37
17 19 31
14 17 2
15 18 26
22 1 49
16 19 42
7 9 44
2 4 12
3 5 33
22 0 47
12 14 16
16 17 28
23 4 25
17 21 45
12 14 43
21 23 37
21 22 23
6 11 40
19 22 2
11 12 13
19 0 12
8 10 26
9 11 28
18 21 35
16 21 50
5 6 31
0 4 46
16 18 47
14 17 19
5 8 39
21 0 25
16 18 45
19 21 21
16 18 7
16 19 23
2 6 29
23 3 12
15 18 31
10 13 9
4 8 17
21 0 15
16 20 46
19 21 10
1 4 7
19 22 34
16 19 30
6 10 37
1 4 11
21 23 23
0 3 14
2 5 9
5 7 48
2 4 13
13 19 34
16 18 37
11 14 9
18 21 12
15 18 42
9 12 36
0 2 28
9 10 32
22 23 22
7 7 48
19 21 36
17 20 30
15 19 48
4 6 1
6 8 14
5 11 6
23 3 47
15 18 5
23 3 41
5 8 37
21 23 43
22 2 18
23 1 48
9 13 21
20 23 9
21 23 35
14 18 39
9 12 30
4 8 18
2 4 7
23 1 16
15 19 14
15 19 37
12 13 24
10 13 28
19 21 3
4 8 36
2 4 30
12 15 25
7 10 25
8 10 48
19 0 12
15 19 15
21 1 17
20 22 22
8 12 36
20 22 47
5 7 2
15 17 8
5 8 14
15 17 5
11 13 18
15 18 17
3 4 18
9 12 16
6 7 16
21 1 15
3 6 36
21 2 17
4 6 9
13 14 14
1 5 39
7 10 21
0 3 31
7 11 12
2 5 29
2 3 46
5 9 33
16 19 27
16 18 47
4 6 27
1 8 10
0 4 50
19 21 2
4 6 40
22 0 49
4 8 23
1 3 34
20 2 8
14 18 18
7 9 49
22 1 27
9 11 35
17 21 37
5 7 48
2 5 13
3 7 39
1 5 31
0 3 42
18 22 16
0 3 9
1 3 5
2 5 9
1 3 36
5 8 35
22 1 32
4 8 43
7 10 39
4 7 49
1 4 15
1 4 49
15 19 1
8 10 11
12 16 27
19 22 35
9 11 22
5 9 20
22 23 46
3 4 31
19 21 12
21 23 5
21 23 1
16 20 46
15 19 21
8 13 45
9 11 45
12 15 4
22 0 45
12 15 10
16 19 14
10 13 10
21 0 21
10 12 47
14 16 31
4 8 22
1 4 2
1 5 50
6 8 14
3 6 41
21 23 27
3 6 47
3 7 29
8 10 25
6 8 19
22 2 1
14 16 49
22 2 23
2 6 2
19 21 25
4 8 28
16 20 32
14 18 10
12 15 23
6 8 46
7 10 36
5 8 40
2 3 31
10 13 8
21 0 31
16 20 21
11 15 2
16 18 23
11 12 43
18 21 34
12 16 35
4 7 35
3 5 38
14 15 11
0 3 21
1 4 45
17 20 35
16 18 23
18 21 15
18 21 17
23 2 39
20 22 47
9 12 18
7 9 12
0 2 41
4 6 21
21 1 49
23 3 26
4 7 46
0 2 2
19 22 38
18 21 15
11 15 5
17 22 37
11 13 21
4 8 47
13 17 38
1 3 16
0 2 32
14 16 48
14 18 34
11 15 15
8 12 40
0 3 24
17 19 4
17 20 38
5 7 45
10 14 44
16 20 41
9 13 13
10 13 44
3 4 43
23 4 7
10 11 6
4 6 19
22 0 28
8 11 4
15 18 21
12 16 15
16 20 15
22 1 23
18 21 20
0 3 8
5 7 18
23 3 42
16 18 14
15 17 13
18 19 31
20 23 25
21 0 8
5 8 41
15 18 48
4 6 22
11 14 31
2 7 19
16 17 19
20 1 1
13 16 7
13 18 29
9 13 1
13 17 25
3 5 46
5 7 35
12 16 44
12 14 44
8 11 13
12 15 31
22 1 32
17 22 22
8 12 35
2 4 17
22 1 2
4 8 9
3 6 11
14 18 32
17 20 49
15 18 22
7 12 8
18 20 4
2 6 48
19 22 27
14 16 38
6 7 36
19 21 7
1 5 27
22 1 45
20 0 2
0 1 10
13 15 4
11 14 34
14 17 35
4 8 47
8 12 50
15 17 34
23 2 21
6 8 13
19 23 10
10 13 20
17 22 1
3 6 50
21 0 3
17 19 50
0 3 37
21 0 2
21 0 6
13 16 24
23 1 47
15 19 35
8 11 40
2 5 35
20 23 34
15 18 31
13 16 21
10 13 31
3 6 48
22 1 7
12 15 25
13 17 16
18 21 26
1 3 1
17 20 3
13 17 28
3 7 10
20 23 45
19 22 45
12 15 41
8 10 39
19 20 19
4 5 42
13 17 4
22 2 45
8 11 18
15 18 30
9 12 48
17 20 3
6 10 41
1 6 49
6 9 45
3 5 22
10 13 8
10 14 10
12 16 42
10 15 48
0 3 6
1 4 47
2 4 7
11 14 38
10 13 7
16 19 35
21 0 47
12 13 29
0 3 12
6 9 49
7 10 8
4 7 8
13 16 4
8 13 20
19 22 36
0 4 50
12 15 25
5 8 50
7 10 42
21 23 10
17 19 14
12 14 3
10 12 5
23 1 10
13 16 14
20 23 15
13 15 46
10 13 7
21 23 50
2 4 18
7 10 31
6 9 39
13 16 10
1 4 12
22 0 35
6 10 33
15 16 3
9 10 32
4 8 2
11 14 6
1 3 30
13 15 37
0 3 42
10 13 11
19 23 13
22 1 45
7 11 37
10 13 50
0 4 26
17 20 19
8 10 30
23 2 6
18 21 43
1 4 25
10 12 3
2 2 5
14 16 35
21 1 2
23 1 29
19 23 19
21 1 40
22 2 45
21 1 2
17 19 6
15 18 23
4 6 39
4 7 18
19 20 48
21 0 7
4 5 1
15 19 2
21 0 41
8 9 28
9 11 40
17 21 39
21 0 6
18 22 40
10 14 38
9 13 4
20 23 35
6 10 3
10 14 25
2 4 38
19 23 6
17 19 47
0 2 29
7 11 10
6 9 40
0 2 43
16 20 33
6 10 13
4 9 37
20 22 32
3 7 42
7 8 38
13 18 3
19 22 11
0 4 22
2 5 18
2 5 8
19 22 30
0 3 20
21 0 9
2 3 12
4 8 22
11 15 46
8 11 31
15 19 21
4 7 10
11 14 7
13 17 50
19 21 45
12 14 21
19 21 2
21 0 11
17 21 35
5 7 5
0 3 18
16 18 35
19 21 48
8 11 15
17 19 34
1 2 15
6 9 21
19 21 15
2 4 40
10 13 2
23 2 14
9 14 18
20 23 2
14 17 37
9 13 35
13 17 2
12 13 15
16 18 43
17 20 15
11 13 35
6 10 8
12 16 32
23 3 28
16 19 24
15 19 35
3 7 10
10 12 42
22 1 41
22 0 45
2 5 36
4 7 50
13 16 24
13 14 26
11 15 27
6 9 36
22 0 42
7 11 15
12 16 26
17 19 27
17 21 19
4 8 6
2 4 11
13 17 49
19 22 25
11 14 20
19 22 22
12 14 22
18 21 48
6 8 50
9 11 3
14 18 22
18 21 6
2 4 50
1 4 14
13 17 15
22 23 40
11 13 47
23 3 2
18 22 49
10 14 2
22 1 8
11 14 14
21 23 15
2 5 19
5 6 35
20 22 38
14 15 20
0 3 44
3 6 1
23 1 21
15 17 24
20 0 10
16 19 28
19 23 9
17 21 42
0 3 40
1 3 5
22 1 24
14 15 44
19 22 6
15 18 20
18 21 10
19 22 22
10 12 40
15 18 12
23 4 18
20 22 41
3 6 9
23 1 23
8 10 42
12 15 22
1 5 33
14 17 34
3 5 34
13 16 2
14 18 50
8 11 12
0 4 43
22 23 32
22 0 15
16 17 11
4 8 21
23 2 28
7 9 27
17 21 1
19 22 16
3 6 29
16 18 32
13 14 26
20 22 2
16 20 18
22 1 16
11 16 41
1 4 20
22 2 31
18 21 49
16 18 37
11 14 38
3 4 44
3 5 8
11 12 9
22 0 18
16 20 43
12 16 41
15 17 24
14 18 31
14 16 46
17 19 15
15 18 16
3 6 49
20 23 41
19 23 34
14 17 49
1 5 31
4 7 6
21 1 34
19 20 11
15 18 8
1 3 28
2 3 31
5 8 33
4 6 2
16 20 23
5 8 27
20 22 10
3 8 37
3 6 26
19 20 3
18 22 43
3 7 10
17 20 42
6 10 7
1 2 45
10 12 11
5 8 46
3 6 49
4 6 27
10 12 36
4 6 20
22 2 46
6 10 29
20 23 32
10 12 39
17 20 50
10 15 17
14 17 23
21 22 4
17 21 31
3 6 45
4 6 28
7 10 42
9 12 21
22 1 20
7 9 15
2 6 8
5 7 17
14 16 14
10 12 4
20 21 50
11 13 19
16 18 21
1 4 23
10 14 27
16 18 6
21 2 10
22 0 45
0 2 19
13 15 31
19 20 25
0 1 32
8 9 41
7 10 47
1 4 6
3 6 9
0 3 42
15 17 31
15 18 39
4 7 46
6 8 22
6 8 45
21 2 39
5 7 25
1 1 35
21 0 28
1 3 47
22 1 19
18 22 36
11 13 29
9 13 19
15 17 8
19 21 3
1 5 20
20 22 22
3 7 20
10 14 8
13 15 20
10 15 21
4 7 20
22 2 47
22 1 10
9 13 47
12 13 23
3 6 20
8 12 8
14 16 34
5 8 46
8 13 19
21 1 3
14 16 5
3 5 24
9 11 1
19 1 21
22 2 10
1 4 21
5 7 30
15 18 43
8 11 17
13 17 34
11 14 12
21 23 14
8 9 35
3 4 18
16 18 28
8 9 21
20 23 36
9 12 24
3 8 28
3 7 43
6 10 25
3 6 35
4 7 7
6 9 29
12 14 16
11 15 30
13 15 12
16 20 24
13 16 16
5 8 28
0 3 47
3 7 31
19 23 29
18 21 30
16 21 22
8 10 20
10 14 7
14 16 40
16 20 42
11 15 30
9 11 31
16 20 35
15 17 25
8 12 34
16 19 4
0 3 17
15 19 27
0 3 35
1 5 8
8 12 11
11 12 37
17 20 18
9 12 33
11 13 22
6 7 12
7 10 2
0 2 34
18 22 3
3 4 35
11 13 10
13 15 35
20 23 11
9 11 12
13 17 10
21 0 41
9 14 5
8 11 19
0 2 13
19 22 4
11 12 39
13 14 36
8 10 38
9 12 25
6 10 11
7 9 39
9 12 24
20 22 6
6 10 20
1 3 31
8 11 12
15 19 38
19 22 43
20 0 38
19 22 19
4 7 46
10 13 11
1 3 24
11 15 34
21 1 9
1 4 47
6 9 36
20 22 44
13 16 20
1 4 22
23 1 13
8 13 30
12 16 34
6 10 17
17 21 17
7 9 36
3 6 37
2 5 41
8 12 17
4 7 33
1 5 21
13 15 34
10 12 3
13 16 14
21 23 1
4 7 28
8 12 24
10 12 6
21 1 15
14 16 25
23 3 23
1 5 36
21 1 6
8 11 4
1 3 25
8 12 6
10 13 48
12 15 4
7 11 27
3 5 11
13 18 14
13 16 39
5 7 42
7 11 9
10 15 11
9 13 36
13 15 4
11 16 24
12 17 33
11 12 50
22 1 20
12 15 50
17 22 11
1 4 2
7 9 25
16 17 40
21 1 43
22 1 28
16 19 25
18 20 10
21 23 26
17 19 35
7 10 43
13 18 37
22 1 40
2 3 1
16 18 38
12 17 31
9 12 44
14 18 25
18 19 43
6 9 15
18 21 8
7 10 39
8 11 9
13 16 13
21 0 24
12 16 38
13 16 50
19 22 10
20 23 50
15 18 11
11 15 6
17 20 33
15 18 12
10 12 21
13 17 41
8 10 42
18 21 16
16 21 20
13 17 50
11 15 10
3 6 30
9 12 31
1 3 43
9 12 12
3 6 5
8 11 10
14 18 21
19 21 43
18 21 13
10 14 14
1 3 12
1 6 50
14 17 1
12 14 46
21 23 22
3 7 41
9 13 45
22 2 17
19 0 4
17 21 44
17 20 19
22 23 5
0 3 25
15 17 14
6 8 2
13 15 25
5 9 11
10 14 33
14 16 14
20 22 1
10 12 30
6 8 2
21 23 6
19 21 49
14 17 50
9 13 24
6 7 11
13 17 49
4 8 47
19 22 32
16 19 19
12 15 30
0 3 9
14 18 17
15 19 49
22 1 47
8 11 14
8 11 5
1 4 30
4 7 27
13 15 39
5 8 35
4 7 37
14 17 10
19 23 43
0 3 9
16 17 5
21 1 35
20 23 18
8 10 28
23 1 22
9 12 37
15 18 14
21 23 23
23 1 28
20 23 39
3 7 38
0 3 39
20 23 25
22 1 45
23 4 35
22 1 2
0 4 11
7 10 1
8 12 45
3 6 20
15 18 32
15 18 17
0 3 7
17 21 8
4 8 12
2 6 30
18 21 24
4 8 47
20 23 24
3 5 38
21 0 16
23 0 4
6 8 29
7 10 27
18 21 9
6 11 13
9 12 29
5 6 2
10 12 32
11 13 39
22 1 11
10 13 50
12 15 22
10 13 17
14 16 44
23 3 12
0 3 16
15 19 20
21 1 28
7 10 27
1 5 42
11 14 42
7 10 42
2 5 16
23 1 30
19 23 5
17 20 22
16 18 32
2 5 26
2 2 28
23 2 29
17 18 8
21 1 12
21 0 32
14 18 50
15 18 44
2 5 4
7 11 9
3 7 11
21 23 33
13 17 42
8 13 50
15 18 35
20 23 30
8 11 36
10 13 31
1 5 9
15 19 23
12 14 13
17 21 7
8 11 37
20 0 29
0 1 36
21 1 10
18 21 39
23 1 10
5 7 30
21 0 21
6 7 32
21 1 31
1 4 40
13 16 11
8 11 15
19 0 25
20 23 4
13 15 25
9 12 27
2 5 30
12 14 36
12 17 9
13 16 8
14 18 35
5 8 39
12 13 24
16 21 15
1 5 8
7 10 15
22 2 16
5 9 30
13 16 6
7 11 14
15 18 28
5 7 23
19 22 42
10 13 22
20 23 46
11 15 9
23 1 8
5 8 13
12 15 31
20 1 41
2 5 35
18 20 3
12 16 41
15 17 44
12 15 5
10 13 46
15 18 8
2 6 9
20 23 26
13 16 37
12 17 47
14 18 4
21 0 17
16 20 48
13 17 23
0 4 27
16 19 25
23 3 2
2 4 32
9 13 6
7 9 26
10 12 46
17 20 8
9 12 25
8 11 23
7 10 33
13 16 3
22 2 45
14 18 39
13 17 9
16 20 39
18 20 48
6 8 7
13 16 35
1 4 14
17 20 18
14 17 45
6 10 46
8 11 35
20 22 30
17 20 29
18 19 48
22 0 19
8 11 36
14 16 38
19 23 48
22 1 6
11 13 31
2 5 14
19 22 17
11 13 31
12 17 47
12 14 43
20 23 22
3 6 19
4 5 8
2 5 3
9 13 11
4 5 19
8 11 20
9 13 14
13 18 48
23 5 21
4 7 43
0 5 35
7 9 5
16 18 2
1 3 12
11 15 19
12 16 47
11 13 33
15 18 46
11 14 5
5 8 7
6 10 11
8 12 22
22 1 48
7 11 37
6 7 21
19 21 38
10 12 33
4 6 34
4 6 48
8 12 43
9 13 48
15 18 43
8 10 5
22 1 10
16 19 37
7 9 44
22 23 47
14 16 19
14 18 30
8 11 25
2 6 18
15 18 35
8 12 50
17 20 11
3 7 3
0 5 22
14 19 11
9 14 1
3 5 16
17 20 24
21 1 16
6 9 40
5 7 50
15 18 39
11 16 39
14 18 22
17 21 29
1 2 23
1 6 8
23 3 12
15 19 17
6 8 6
12 15 19
10 13 43
19 22 13
1 3 10
9 14 12
5 9 18
12 15 46
7 9 25
13 15 1
16 20 33
7 11 49
7 11 6
2 6 37
4 8 49
12 15 39
2 4 7
6 8 44
12 14 15
2 4 12
19 22 48
23 0 24
7 10 42
10 13 27
9 13 44
7 10 31
2 4 5
19 22 8
14 18 14
17 21 1
3 5 12
7 10 14
2 5 38
9 12 21
14 16 5
7 11 29
1 4 19
23 1 18
2 5 25
10 15 29
8 9 19
23 3 2
20 23 26
19 23 6
10 14 30
18 23 40
2 5 37
13 16 41
22 1 47
13 17 44
16 20 30
0 3 49
4 6 1
10 13 27
22 0 49
5 8 24
4 9 14
18 22 39
13 17 7
3 6 22
17 20 9
6 10 7
14 17 11
19 22 7
19 21 34
7 10 19
1 4 14
22 1 19
15 17 32
21 0 42
6 10 12
12 17 33
11 15 17
18 22 30
1 4 5
21 0 13
2 5 18
5 6 26
14 17 19
4 8 15
8 12 8
5 9 44
6 10 10
14 17 1
13 16 24
13 17 33
1 4 49
10 12 3
19 22 3
19 22 7
10 13 49
0 3 4
0 4 42
1 5 13
19 23 9
7 10 32
7 8 11
6 10 49
7 9 24
0 1 34
20 22 49
15 17 23
5 9 18
9 12 49
10 14 43
10 14 27
7 9 3
6 10 17
22 1 3
2 5 14
4 7 49
3 6 21
11 13 50
21 0 21
17 21 50
19 21 38
4 8 11
9 11 41
21 22 33
18 19 26
10 12 11
7 12 36
15 17 1
2 4 31
18 20 28
12 14 30
7 10 40
3 5 25
0 4 42
11 13 35
10 12 29
18 23 29
1 5 6
21 1 10
9 14 10
3 7 49
12 14 17
23 2 26
2 5 43
10 12 44
2 7 38
18 22 31
14 18 27
23 3 13
3 7 2
15 18 22
23 1 5
22 1 36
15 18 39
2 5 13
3 6 25
23 2 50
6 8 19
14 17 30
18 20 18
11 13 2
10 13 40
16 19 37
15 18 34
2 4 14
9 14 29
11 15 10
2 5 13
1 4 3
12 16 14
4 7 24
6 7 29
5 6 31
6 9 38
10 13 17
8 10 9
2 6 23
16 18 19
13 17 6
13 16 21
6 8 21
1 5 40
16 18 45
7 10 35
3 5 19
19 21 6
9 10 35
17 20 25
0 4 10
20 22 34
15 19 42
18 20 26
4 7 16
4 10 11
4 7 9
2 5 10
11 12 6
15 19 9
2 5 49
11 13 41
3 4 31
14 16 15
7 11 10
2 8 26
18 20 5
10 13 37
13 14 27
15 18 20
9 14 22
12 16 34
0 4 48
16 19 4
2 4 49
23 4 50
4 8 31
5 8 16
17 21 45
8 12 21
14 19 47
10 12 33
5 7 28
13 16 28
6 8 36
0 2 6
4 8 43
7 11 28
11 15 15
4 7 16
1 3 38
21 0 44
0 2 14
1 5 18
11 13 29
19 22 46
8 11 8
14 17 8
6 10 44
17 21 16
23 2 45
17 20 40
1 4 11
8 10 45
22 3 43
4 7 27
15 19 17
17 19 2
13 17 24
18 23 27
2 6 39
10 14 36
6 9 11
5 9 30
20 23 35
10 15 29
11 14 25
7 9 27
22 2 32
6 9 43
2 4 19
6 10 25
23 2 46
23 2 34
0 4 16
11 15 12
9 11 13
8 11 18
19 22 25
13 17 29
1 4 30
15 18 50
23 2 6
4 7 42
22 2 40
12 16 6
23 1 46
1 4 23
19 23 34
14 18 1
4 7 20
20 0 30
7 10 18
21 1 29
22 1 39
18 21 14
0 4 33
21 0 3
23 3 39
20 0 27
17 19 16
15 18 14
13 15 25
6 8 13
15 17 29
0 3 20
14 17 20
21 0 18
12 15 5
19 21 31
8 12 35
3 5 7
14 16 32
22 1 9
17 20 6
8 13 39
2 3 31
13 15 36
12 14 38
4 8 13
11 11 50
19 21 13
15 18 14
19 22 25
3 4 27
16 20 31
0 3 8
17 21 43
18 21 7
23 1 9
13 17 17
17 20 34
10 14 44
4 5 31
20 21 44
23 1 34
19 21 34
1 4 16
4 10 30
20 23 21
3 5 44
0 3 21
21 1 24
11 16 28
3 5 25
15 19 4
21 23 47
0 2 33
17 18 25
15 17 38
17 20 21
20 22 50
6 8 20
14 16 16
3 5 4
17 20 7
1 6 1
9 11 27
16 19 40
9 12 38
17 19 5
23 1 46
17 21 36
1 4 35
5 6 6
5 10 43
18 21 6
21 23 8
13 16 10
14 17 19
18 20 43
0 3 46
2 6 4
5 9 25
22 0 2
2 5 25
18 21 26
21 0 20
23 3 31
14 19 34
14 18 45
17 21 13
19 23 31
23 2 41
8 11 14
2 6 11
18 22 40
22 1 1
7 10 41
12 15 32
6 10 32
1 4 44
15 19 36
5 10 12
17 19 8
6 10 10
13 18 11
17 20 16
3 5 40
13 15 33
12 14 10
20 1 45
2 5 36
3 5 22
15 18 32
22 2 15
7 11 3
4 5 17
0 5 9
3 6 24
10 12 1
14 15 45
19 21 5
16 19 18
3 7 25
9 12 16
19 20 7
2 5 49
19 22 23
6 9 43
23 1 22
8 11 23
16 18 38
12 14 25
16 21 32
6 8 38
6 11 28
18 22 22
21 0 23
5 8 35
23 0 50
21 0 31
7 9 5
11 14 22
16 18 33
13 16 13
21 0 17
14 17 40
17 20 12
22 0 20
0 1 12
18 20 43
4 7 2
12 17 43
8 12 10
2 5 11
2 6 41
12 15 41
3 5 42
6 7 36
2 5 7
1 4 21
3 5 48
14 16 34
0 3 23
1 3 23
11 13 30
8 10 5
2 2 3
21 22 17
7 10 23
16 19 43
4 7 18
6 9 1
7 9 41
1 6 26
1 6 22
3 5 41
9 13 43
17 20 7
9 12 42
19 21 7
13 16 50
13 17 27
13 16 36
2 6 29
11 15 23
6 9 14
2 6 46
2 6 6
0 3 24
18 21 21
0 4 31
3 6 14
18 21 44
3 8 2
2 7 7
23 4 36
21 0 26
18 21 28
23 23 25
3 7 28
0 2 46
7 10 24
14 16 35
7 9 27
13 13 7
19 22 1
6 9 18
15 18 3
10 11 1
11 15 43
23 2 7
17 21 39
23 3 6
8 10 17
0 4 41
10 12 38
13 16 19
6 9 18
19 22 2
20 0 47
2 4 23
15 18 1
21 1 35
22 1 41
10 13 24
9 11 21
0 3 50
4 6 4
19 22 6
12 15 37
11 14 24
12 15 48
14 17 47
14 18 7
2 6 27
4 8 1
7 11 1
10 12 36
2 5 7
16 20 40
5 9 49
9 13 47
16 19 1
10 14 23
19 22 6
12 14 50
4 8 22
21 23 14
11 13 46
18 21 26
16 18 25
7 10 50
18 21 2
21 0 47
0 4 25
5 7 3
3 6 46
0 4 23
23 2 45
15 19 50
21 23 31
9 12 23
6 10 7
11 14 37
2 6 19
21 23 22
0 2 18
12 14 8
12 15 26
19 21 24
18 20 22
0 2 28
7 11 10
22 1 21
21 23 4
21 1 49
16 19 8
18 19 7
6 10 34
6 11 2
20 22 14
21 2 46
5 9 5
16 19 12
12 15 21
8 12 21
3 8 4
4 8 15
0 1 41
8 12 48
19 22 28
18 21 22
19 22 9
13 15 33
21 1 34
23 1 45
13 16 41
10 14 49
4 7 5
12 14 29
21 0 17
22 2 46
16 20 30
7 11 27
2 5 5
6 8 25
22 1 39
13 16 22
10 14 41
13 15 1
4 6 25
19 22 26
0 3 5
23 4 28
8 10 28
8 11 35
0 1 48
10 13 17
6 9 31
19 21 12
18 21 50
8 11 6
23 2 40
8 10 29
11 15 48
18 20 6
21 1 26
13 17 45
16 19 10
15 19 23
13 16 8
9 11 42
5 7 29
14 16 18
20 23 9
13 16 20
2 6 3
21 23 25
11 13 49
20 23 19
18 20 36
3 6 32
17 21 7
21 1 44
20 23 27
7 10 20
21 0 49
13 17 28
22 1 27
17 19 31
5 8 35
17 17 18
8 12 22
23 1 34
23 2 21
10 13 15
5 7 20
7 10 16
3 6 33
14 17 25
19 23 22
6 8 46
18 21 4
11 15 25
8 12 5
4 7 9
20 23 31
19 22 31
1 5 20
15 19 19
12 16 18
5 7 35
21 2 34
13 15 13
6 8 26
20 1 26
0 3 37
1 2 26
10 12 50
13 16 4
1 3 30
9 12 41
12 15 29
9 11 49
14 17 21
16 21 43
1 4 36
15 21 3
11 16 37
21 0 26
10 12 41
19 22 43
16 19 39
11 14 1
17 20 48
20 22 30
19 22 30
6 10 27
13 15 1
14 18 49
13 18 41
12 16 2
23 0 2
12 16 19
20 22 25
21 1 40
19 22 22
9 14 44
10 14 33
5 9 6
6 8 15
21 1 43
16 19 26
4 6 3
1 5 3
9 12 1
17 19 13
1 5 16
0 3 1
17 21 44
20 0 21
9 10 45
13 17 28
16 19 12
4 7 35
15 17 47
20 23 28
11 14 20
10 14 40
1 4 23
5 7 40
9 12 38
13 17 49
16 19 41
0 3 29
18 23 25
15 19 16
20 23 25
16 20 38
23 1 30
12 15 8
21 0 39
4 6 20
9 12 10
17 22 47
19 23 43
17 18 4
10 14 17
18 22 31
19 23 14
2 4 30
17 20 18
22 1 50
16 19 9
23 1 45
0 2 36
1 4 17
19 22 46
8 10 28
9 12 29
6 9 35
14 19 28
0 4 26
14 17 46
11 14 11
1 4 1
1 4 43
12 15 11
4 7 42
13 17 29
21 0 20
21 23 19
16 17 18
14 16 10
6 10 7
11 15 31
14 17 39
8 12 10
17 21 27
21 0 8
5 9 46
10 15 19
13 17 35
15 17 8
4 6 31
23 0 3
21 23 27
7 11 7
17 21 26
20 22 28
2 5 22
12 14 9
5 8 18
19 21 3
2 6 3
17 18 50
18 20 18
18 21 37
17 21 38
15 19 12
10 12 50
7 11 35
15 19 21
3 8 43
9 12 21
14 17 40
8 12 20
14 18 23
8 14 28
12 16 8
20 23 6
7 10 19
1 4 19
5 9 41
10 15 47
6 10 31
12 15 29
6 9 16
1 4 35
17 20 17
6 10 46
11 14 19
23 4 33
6 10 36
10 13 31
16 20 14
19 21 48
3 5 11
11 12 31
13 15 26
14 19 21
5 9 22
0 2 49
10 13 22
12 16 5
6 8 45
14 17 26
12 14 22
18 22 39
18 22 24
4 7 25
11 14 7
8 12 11
7 10 6
15 18 37
9 10 2
10 13 25
0 4 11
3 5 26
1 3 31
23 23 11
0 5 30
17 19 41
3 6 37
8 12 20
17 20 48
11 14 39
3 6 43
6 8 33
3 6 46
13 15 4
11 14 19
13 16 5
2 5 49
22 2 4
20 0 39
13 17 12
5 8 42
23 1 2
3 6 4
2 7 10
12 14 14
9 13 25
23 1 29
6 8 8
2 5 43
20 0 22
20 0 22
1 5 8
1 5 41
5 8 26
23 2 32
7 10 4
18 21 17
19 22 42
13 17 21
21 2 34
19 23 12
8 10 6
14 19 27
4 8 38
13 17 30
1 4 21
19 21 34
14 17 13
22 3 16
16 19 2
12 16 7
21 22 7
9 12 26
4 6 44
5 7 17
18 20 8
7 10 43
12 16 24
5 8 23
17 20 48
1 3 36
22 2 40
9 12 17
22 0 49
20 23 50
11 14 42
10 14 14
3 7 43
15 19 47
18 21 6
4 8 50
11 14 1
18 19 21
21 0 42
9 13 46
13 15 4
16 17 41
9 12 34
1 3 7
8 9 33
11 14 38
6 10 28
20 23 23
14 16 3
7 11 29
12 14 22
3 7 21
22 1 49
16 20 24
7 7 39
16 19 33
17 20 48
0 2 42
6 9 32
4 8 1
6 9 6
4 8 11
7 10 38
12 15 49
8 10 16
5 8 25
18 21 11
5 7 25
1 5 34
1 5 26
4 7 50
6 7 19
11 14 26
11 13 41
12 15 17
20 23 30
13 15 8
4 8 41
9 12 35
11 14 49
4 8 33
18 21 4
9 12 28
20 23 31
23 1 5
13 16 39
7 10 11
4 8 16
12 16 23
1 3 41
2 5 16
8 11 11
18 21 50
6 8 17
1 6 10
8 13 3
13 16 42
18 20 14
21 1 44
12 16 33
14 17 8
4 6 36
21 0 41
4 8 24
21 23 13
7 9 40
19 22 27
0 6 33
1 6 12
1 4 6
19 23 22
23 2 13
16 19 15
6 7 43
19 22 43
8 10 14
21 23 32
19 21 48
19 23 28
19 23 21
16 19 25
16 15 24
9 11 4
17 20 1
22 1 2
7 10 17
8 12 23
16 19 15
8 11 37
7 8 37
15 18 32
11 15 31
0 2 28
5 7 26
1 5 27
13 15 49
20 0 2
18 20 37
1 3 27
12 13 23
0 2 38
15 18 37
22 0 31
9 14 43
1 4 44
22 1 23
11 15 4
14 18 2
13 16 1
4 7 9
3 7 19
0 3 12
13 15 33
5 9 25
21 23 26
5 8 44
10 13 21
11 15 49
5 8 16
14 15 27
10 14 32
9 12 45
7 11 49
16 20 22
15 19 16
10 13 30
23 1 45
0 4 46
6 9 28
18 20 36
12 16 42
1 4 17
6 10 49
12 16 13
5 9 49
13 17 15
8 12 7
18 20 36
12 15 18
17 17 12
19 0 45
8 11 30
3 6 32
14 16 25
5 8 28
12 14 29
2 4 27
16 19 21
10 11 42
4 6 10
18 23 19
19 21 30
12 17 1
6 10 38
18 22 5
12 14 37
12 14 34
7 10 35
21 0 43
2 6 16
22 1 29
13 17 45
2 6 6
11 13 34
19 23 18
23 1 9
6 9 4
17 19 35
19 21 14
0 2 41
22 0 15
23 2 37
14 18 36
4 7 25
1 5 49
13 17 19
4 8 37
17 20 11
3 6 15
16 20 41
15 19 36
17 21 14
21 0 7
16 19 21
14 16 27
19 22 34
0 4 39
13 16 35
12 14 40
22 2 27
5 9 24
5 7 34
21 0 27
11 14 27
13 16 1
15 17 32
9 11 22
17 20 36
8 11 45
21 2 23
4 8 43
4 7 48
0 2 41
13 17 24
15 18 18
2 4 48
1 4 13
9 12 5
22 1 18
16 21 17
13 15 47
22 0 20
9 13 29
12 16 3
18 20 28
5 7 42
0 3 38
19 21 35
14 17 34
0 5 26
2 4 28
7 12 34
5 8 50
7 9 24
11 16 1
10 13 5
15 17 23
1 2 46
8 11 40
6 9 43
1 4 40
21 1 36
22 2 18
20 23 31
22 1 38
3 6 13
11 14 41
10 14 18
10 13 29
21 2 22
19 21 20
12 16 18
14 15 17
6 9 37
16 19 44
20 23 40
6 8 12
11 13 30
6 8 25
7 11 40
14 19 24
2 6 35
4 8 42
16 19 17
22 1 25
20 0 20
6 9 13
20 23 12
21 23 19
23 1 43
22 1 43
20 22 12
4 8 13
15 18 23
14 17 3
3 5 5
4 7 50
1 4 4
10 16 14
20 23 16
13 17 10
7 11 30
8 10 40
4 7 36
0 4 47
6 8 46
16 19 38
8 12 45
9 12 37
11 12 35
11 13 27
11 15 23
1 5 10
7 11 9
17 21 47
3 5 45
7 11 16
19 22 8
16 20 38
8 9 23
5 9 32
3 7 3
16 20 14
23 2 25
9 12 47
5 7 15
16 20 6
17 21 2
4 6 26
2 7 16
3 5 13
0 3 20
15 19 11
17 21 24
3 6 42
4 8 29
17 19 6
16 18 26
1 3 4
4 7 42
23 0 15
23 3 47
7 10 29
20 1 49
22 2 49
7 10 39
17 19 45
18 22 2
11 13 9
12 15 22
18 21 40
22 0 24
9 10 38
12 16 19
16 19 27
19 22 31
1 5 28
17 22 7
2 6 41
18 21 10
20 23 4
11 14 20
17 21 23
19 23 7
15 17 48
0 3 25
7 11 42
7 12 21
10 15 50
4 7 39
6 10 39
19 22 30
0 2 34
2 4 30
10 14 35
21 0 23
14 17 23
14 18 24
21 23 25
15 18 20
21 0 13
11 14 37
12 16 44
0 3 36
3 7 35
14 16 34
13 16 34
21 0 22
22 1 18
18 22 33
19 21 48
19 22 37
17 21 15
1 4 32
19 22 7
12 13 25
5 8 15
13 17 18
12 15 41
23 3 25
20 21 2
1 5 33
0 3 25
3 6 29
21 0 18
21 1 19
20 0 28
7 8 2
17 20 31
14 17 38
0 4 26
14 18 20
14 18 15
13 15 28
3 7 6
10 14 12
7 9 17
12 16 5
1 2 48
16 18 41
3 7 37
11 11 41
1 3 26
17 21 8
16 19 42
2 4 17
18 22 15
11 14 22
6 7 4
15 20 25
22 2 32
19 22 38
6 9 19
19 22 25
22 1 17
21 0 7
1 4 31
8 12 28
10 13 46
6 10 50
10 12 27
12 15 34
3 7 43
8 12 47
17 21 48
4 7 4
2 4 2
10 13 47
6 9 10
11 13 10
2 5 3
16 19 25
11 13 18
8 10 37
13 17 28
10 13 14
8 11 49
16 20 36
22 0 6
3 5 20
21 0 27
20 23 43
17 20 19
14 16 1
20 0 43
4 8 33
9 12 1
19 22 30
8 12 20
21 1 9
14 15 49
12 16 9
8 12 34
16 19 37
13 16 13
2 6 47
22 3 18
1 5 2
20 22 4
22 0 44
3 8 27
11 13 34
0 4 7
3 6 38
13 17 39
3 5 24
1 4 45
19 23 39
20 23 37
15 17 42
16 21 12
16 18 4
6 9 40
15 16 39
1 4 32
11 14 23
15 19 32
4 6 31
23 3 38
0 3 41
23 0 16
11 14 29
14 17 23
21 23 9
13 17 28
22 1 32
13 17 16
1 3 16
16 18 33
22 1 12
22 1 6
15 19 24
12 14 41
16 19 16
16 21 18
4 7 29
22 1 13
21 22 10
7 9 33
6 8 31
13 16 47
21 0 28
5 9 39
3 5 31
10 13 48
20 22 23
11 15 39
17 18 38
16 19 24
17 22 28
6 7 21
21 22 2
21 22 37
17 22 42
9 11 24
4 6 9
8 11 33
15 19 1
5 10 14
20 1 23
12 15 36
0 4 40
9 13 24
2 4 17
5 7 12
5 8 41
6 8 44
6 8 34
5 5 38
22 0 8
14 18 24
11 14 38
3 6 41
21 23 26
11 14 14
9 12 14
21 0 35
4 7 15
1 3 23
7 9 42
22 1 16
13 13 36
16 19 5
7 9 11
3 5 18
12 16 32
23 1 22
23 3 3
9 13 4
1 2 42
1 3 45
17 19 36
22 0 30
5 8 47
17 19 26
14 16 39
1 4 45
21 22 48
9 12 5
2 5 11
7 10 21
15 17 7
3 7 30
19 22 8
5 6 34
21 0 11
13 17 6
5 8 12
13 15 19
18 22 27
7 10 47
21 22 18
0 3 13
14 17 18
17 17 29
10 14 11
1 4 10
11 14 21
19 22 13
10 11 33
1 5 45
15 18 37
21 1 46
2 4 26
22 1 5
12 14 16
21 1 7
0 3 16
19 23 36
2 5 21
14 16 4
3 7 40
16 19 2
9 11 22
17 20 39
2 4 6
2 5 4
8 12 45
11 14 5
14 18 21
4 7 18
4 8 48
22 2 29
7 9 24
3 5 29
16 19 8
23 3 28
19 23 45
0 2 27
5 8 20
19 0 35
8 12 36
7 12 38
18 20 19
20 0 47
8 10 50
3 4 17
22 3 31
2 5 3
21 23 29
0 2 35
7 8 37
9 12 50
11 14 5
19 21 33
12 16 1
8 11 40
19 21 4
13 15 34
20 23 6
16 19 42
13 17 41
6 9 8
23 2 25
0 3 36
19 22 14
15 17 42
0 2 1
10 14 4
1 3 21
12 15 9
4 8 47
5 8 43
12 15 5
11 15 14
9 13 21
0 4 2
3 5 47
7 11 11
0 2 50
12 15 46
23 1 18
4 8 47
16 19 48
18 20 29
12 15 11
4 7 5
15 17 8
3 7 2
23 0 5
15 17 2
3 6 50
7 10 41
8 11 50
19 0 5
11 15 39
14 16 24
9 12 32
1 4 13
12 15 15
13 17 1
11 14 25
15 19 26
8 10 6
21 1 44
10 13 5
21 0 34
21 23 44
15 19 38
22 0 27
5 8 24
23 2 49
8 10 27
21 2 44
1 4 6
0 1 14
16 19 20
15 17 10
16 18 7
11 13 3
5 10 5
1 5 29
17 20 29
20 0 5
18 21 40
9 13 24
9 11 9
15 18 3
5 9 15
6 9 41
3 8 46
14 17 38
6 9 26
6 8 10
7 10 16
8 10 5
6 10 23
9 11 18
3 5 25
18 19 1
8 12 45
16 19 21
22 0 15
12 15 19
8 10 19
1 5 28
6 8 28
3 5 27
20 23 25
4 6 42
21 23 26
16 19 18
3 7 21
13 17 49
5 7 21
9 13 17
2 4 41
15 19 11
19 22 24
15 17 5
6 9 38
16 20 41
7 10 25
15 19 19
2 5 45
17 19 30
1 4 34
12 15 2
21 23 36
0 5 49
10 10 5
14 15 9
10 13 1
23 1 21
7 9 35
11 16 17
19 22 38
12 13 43
19 21 18
10 11 3
1 4 6
21 2 2
22 3 20
18 20 10
5 7 7
4 7 24
18 21 3
3 7 27
7 10 28
18 21 39
19 21 5
23 1 25
21 23 24
6 10 10
6 10 29
10 11 30
8 12 29
10 13 5
9 12 49
0 3 12
12 16 25
6 8 46
8 11 7
0 2 36
1 4 6
6 9 10
16 18 24
1 3 33
6 9 15
12 15 27
7 10 41
14 16 47
13 16 47
6 7 35
15 17 20
8 10 44
7 10 34
1 5 7
6 10 9
2 4 14
0 7 42
4 8 7
6 9 45
12 17 5
13 16 39
8 10 23
1 6 36
23 1 5
7 11 34
8 10 33
3 5 31
4 7 26
18 23 5
4 7 3
20 22 22
6 8 5
19 22 28
8 9 11
9 11 31
9 12 49
17 19 17
10 12 31
3 7 21
6 8 34
16 20 45
3 6 35
19 22 41
23 3 14
23 2 5
12 14 4
9 13 13
17 18 14
19 20 8
19 21 42
0 4 15
21 0 44
14 18 25
6 8 13
21 23 33
13 17 16
1 5 11
13 16 19
6 9 45
2 7 33
0 4 46
10 15 48
5 8 10
6 9 38
9 13 31
2 7 38
6 10 20
5 9 5
19 22 28
23 2 45
13 16 29
13 16 4
5 9 48
9 11 47
7 11 3
11 15 27
18 21 48
22 0 49
6 10 5
0 3 25
1 4 28
6 9 25
6 9 43
7 11 42
8 10 16
15 18 38
5 8 30
23 0 29
13 17 19
10 13 27
2 5 29
8 10 16
4 8 36
10 14 7
4 6 6
10 15 42
4 8 29
15 19 40
15 18 1
17 21 18
1 4 12
16 20 49
11 13 34
22 1 48
7 10 45
9 13 46
22 2 6
0 3 14
16 20 2
10 15 41
15 18 30
19 21 20
23 1 19
6 10 28
9 12 24
2 5 38
16 18 17
12 15 2
14 17 34
11 13 42
6 9 16
11 13 34
17 21 3
5 8 5
3 6 50
22 2 37
9 11 41
7 10 44
1 5 17
16 19 11
23 3 35
0 5 32
22 1 7
12 15 30
14 16 21
20 21 20
4 7 11
15 16 35
12 13 34
8 11 4
14 16 9
3 7 10
14 17 2
1 3 45
16 19 22
17 22 26
9 11 4
0 4 1
0 2 44
6 9 42
20 23 2
7 10 42
19 22 20
7 9 1
19 0 9
2 5 7
17 19 42
0 2 1
22 0 46
16 19 42
5 11 26
9 10 31
13 17 5
20 0 11
14 16 42
7 10 2
23 0 5
7 12 38
19 22 13
12 15 30
6 9 7
13 15 47
2 5 33
19 21 33
0 3 12
7 11 9
18 21 2
3 5 13
21 0 18
23 2 17
13 18 10
16 20 28
19 23 40
1 3 40
2 6 13
15 16 26
7 9 46
21 1 8
2 3 18
23 3 23
22 0 37
11 14 34
6 9 16
9 11 18
15 16 24
3 5 40
18 21 11
16 19 17
13 15 19
22 1 14
5 8 9
20 0 48
9 12 38
20 23 32
21 23 22
6 9 41
9 11 16
15 18 13
3 5 2
2 5 12
17 20 23
0 3 27
6 9 48
7 10 5
6 7 27
15 19 3
21 1 3
15 16 46
6 9 4
22 0 31
10 12 44
7 8 2
20 23 4
10 14 23
0 3 27
22 1 1
17 22 40
11 16 34
18 21 12
7 10 1
18 20 24
17 19 11
20 23 2
19 22 45
8 11 37
2 5 14
15 18 44
2 6 35
3 7 24
10 12 37
23 3 44
14 17 48
7 10 47
7 9 33
0 4 15
22 1 4
12 15 26
13 18 12
18 21 17
20 1 42
21 1 6
17 19 9
18 23 3
18 21 32
5 8 25
1 3 3
21 0 42
10 12 41
14 18 2
23 3 12
16 20 27
3 7 27
7 11 39
11 15 2
14 15 36
18 22 10
8 10 48
12 16 37
13 16 35
19 23 13
21 1 44
8 8 43
5 7 47
4 7 36
0 3 12
18 21 13
10 15 34
19 22 30
14 18 29
6 9 16
6 9 8
15 17 38
10 14 33
14 18 42
6 10 46
20 0 11
13 15 18
11 12 17
15 20 7
8 10 42
17 20 34
20 0 13
13 16 29
18 21 49
12 15 35
4 6 36
17 20 49
18 21 39
6 9 38
4 6 35
8 11 6
4 7 24
19 22 33
18 23 8
14 15 12
1 4 5
0 3 16
14 17 26
0 3 24
20 0 10
6 8 37
0 2 13
3 6 50
11 13 3
23 3 27
21 0 26
14 18 42
16 19 7
0 2 25
6 9 18
11 13 6
14 15 34
20 1 18
15 19 39
6 8 16
15 17 4
8 10 8
11 14 7
11 14 19
14 16 45
22 0 31
20 0 4
11 15 11
23 2 14
7 10 37
18 21 33
9 12 16
16 20 16
19 21 31
8 11 28
3 5 6
13 16 29
16 19 21
14 16 25
19 23 14
7 10 50
7 10 22
7 9 48
4 7 19
5 8 27
3 5 26
22 2 37
9 12 28
20 22 4
22 0 35
21 23 39
3 7 12
3 6 47
8 12 7
20 0 50
19 23 29
17 18 39
7 10 29
11 14 41
5 8 6
21 1 1
18 21 36
7 10 13
6 10 4
21 0 18
6 11 50
13 15 44
8 12 35
21 23 42
6 10 5
1 4 19
13 13 13
13 16 46
13 15 14
5 7 38
16 18 32
4 7 43
18 23 32
23 1 27
6 7 34
0 5 9
9 12 30
22 1 48
23 1 20
11 11 14
18 22 48
21 2 44
14 16 33
7 8 3
6 9 26
7 11 24
4 6 33
9 12 13
19 22 38
12 14 12
17 18 6
14 17 26
5 7 37
10 10 29
4 7 18
18 22 47
13 17 31
4 7 18
15 19 11
7 10 17
16 18 6
1 4 18
13 16 49
6 8 16
20 22 24
3 6 37
1 3 10
20 21 8
21 0 8
23 2 40
13 18 1
18 19 26
19 0 39
11 15 11
0 3 4
12 14 26
17 20 38
7 10 9
16 19 7
6 8 28
16 19 7
22 0 20
11 14 5
19 22 9
18 21 31
1 4 13
18 20 50
15 19 33
5 8 46
4 6 21
17 20 22
20 1 50
5 6 4
10 11 23
13 17 35
21 1 32
7 9 46
23 2 41
22 1 50
4 6 9
5 7 44
17 20 8
18 21 13
23 3 43
5 6 28
2 6 29
14 18 46
3 6 31
18 20 19
2 6 5
10 13 34
15 17 44
3 8 22
18 20 48
0 4 48
19 23 23
6 9 9
22 2 38
5 8 16
14 16 39
18 20 2
0 3 1
7 9 10
11 13 43
23 0 49
6 8 4
19 21 42
14 18 36
17 19 15
12 15 23
18 21 13
3 4 21
18 21 11
12 14 30
21 23 36
15 17 14
10 13 40
21 0 36
17 20 35
11 14 14
3 7 30
15 18 34
12 16 28
21 22 19
8 11 48
20 0 6
18 19 43
3 5 11
18 22 23
5 8 7
3 7 45
10 14 19
13 15 47
17 20 35
2 7 14
2 4 50
8 11 4
20 23 43
7 11 9
22 1 17
9 10 32
15 17 22
8 11 42
9 14 5
3 5 21
1 3 19
17 21 4
7 10 47
0 3 9
15 18 34
8 12 41
2 4 15
6 9 20
0 3 1
10 14 4
14 18 9
15 19 44
10 13 4
11 15 5
10 13 46
2 5 20
6 9 23
16 19 33
12 15 8
6 10 15
15 18 47
20 22 50
5 8 23
4 8 11
7 8 18
9 13 35
13 14 34
3 8 27
5 8 24
6 8 41
16 20 26
10 12 25
6 10 6
21 23 39
11 12 41
19 20 29
18 21 40
7 9 15
10 12 8
1 2 36
11 13 49
11 14 15
20 23 33
5 7 16
7 9 44
4 8 22
11 15 30
15 20 5
6 10 48
8 9 35
8 11 8
3 6 39
9 11 19
9 14 23
2 4 32
18 21 33
13 15 22
17 22 40
0 3 25
19 21 32
1 5 47
6 9 38
23 3 22
7 9 21
15 19 11
16 18 23
19 22 15
19 23 17
21 23 18
21 1 9
7 10 44
19 20 1
8 11 24
10 13 12
2 7 25
20 23 16
2 6 28
12 13 33
3 4 12
2 6 19
7 10 19
22 0 25
17 19 3
0 3 20
23 2 5
8 11 49
15 20 13
4 8 8
17 21 9
16 18 33
23 2 21
4 7 26
22 0 2
4 6 42
14 18 33
7 10 29
13 16 1
7 10 46
0 3 44
16 18 1
2 4 5
7 11 3
16 19 49
0 5 29
11 15 18
9 11 26
1 4 38
14 18 36
12 16 38
11 14 49
18 19 47
14 18 20
15 19 25
8 9 14
20 2 24
11 13 23
16 19 38
1 5 16
22 1 28
18 19 20
16 20 12
16 19 39
1 5 17
0 4 19
3 6 5
3 7 41
0 5 40
11 13 23
8 11 2
22 1 11
11 13 28
10 14 34
7 10 5
10 13 23
16 19 17
1 3 43
12 15 47
1 4 43
12 16 3
21 1 15
10 12 36
22 1 41
10 12 12
19 0 7
2 7 44
22 1 29
21 0 17
5 9 50
4 7 19
12 16 40
22 0 44
7 9 27
4 7 31
19 22 31
13 15 27
8 12 5
8 11 28
2 4 46
11 15 34
10 12 24
7 10 5
4 7 3
12 16 27
6 10 20
12 16 31
3 5 7
18 19 15
11 15 16
13 16 35
13 16 40
1 3 40
8 12 12
23 3 27
1 3 22
10 13 31
14 17 44
23 3 15
11 15 17
23 3 46
3 4 32
16 18 37
22 1 38
13 15 43
17 20 34
23 0 32
6 8 7
12 15 20
7 9 43
6 9 8
15 18 24
15 18 14
14 16 40
15 19 24
22 0 44
5 8 44
20 22 47
14 15 34
10 13 18
16 19 48
11 14 5
9 11 40
15 17 13
22 1 41
1 4 39
8 12 35
19 22 44
2 4 20
11 14 11
12 15 23
9 11 9
6 7 10
16 20 30
14 16 48
4 8 8
5 8 32
3 6 11
7 8 42
8 9 4
3 5 10
7 11 44
15 18 10
19 23 26
13 17 28
4 8 29
15 18 27
8 12 9
23 1 13
5 9 12
6 9 13
10 13 13
7 10 5
7 10 24
14 17 42
14 17 13
1 3 38
11 13 30
19 22 32
0 3 41
1 5 25
20 23 42
22 2 22
14 18 41
19 21 24
1 5 24
18 22 38
13 15 42
12 15 11
15 18 14
17 22 34
10 12 6
0 2 34
11 14 43
9 10 7
8 12 36
6 7 23
0 2 48
4 7 16
19 22 48
7 9 17
2 4 4
16 19 33
17 19 28
8 11 13
19 23 30
20 23 19
12 15 35
22 1 45
8 10 25
21 1 19
10 13 16
12 14 37
3 6 32
3 5 28
3 5 16
22 1 45
22 0 34
20 22 45
0 2 46
20 23 39
0 3 18
16 19 13
14 17 15
20 0 29
6 8 8
15 18 1
15 18 39
12 16 26
7 10 23
12 13 23
6 10 48
21 0 41
11 14 14
23 1 30
17 20 31
3 5 45
13 15 14
12 15 3
6 8 2
4 8 2
21 1 33
4 7 5
19 23 49
19 21 21
9 11 10
16 18 48
23 3 10
6 10 39
18 22 24
9 12 3
22 0 33
23 3 37
0 5 31
22 0 7
0 4 22
17 17 19
16 19 11
4 9 15
13 14 44
1 4 4
10 14 33
20 1 12
11 14 39
22 1 47
18 21 16
8 11 11
10 12 27
14 16 40
22 1 28
9 12 11
15 20 7
10 12 49
23 1 49
21 1 33
23 1 21
18 21 43
3 7 22
15 18 11
11 13 46
9 12 36
22 23 13
18 21 4
9 12 46
17 20 2
0 2 10
20 0 16
7 10 2
2 4 9
23 2 26
7 10 48
11 15 5
8 14 18
17 21 16
0 2 17
14 17 45
8 12 8
20 0 1
8 12 41
9 11 47
7 12 37
6 9 44
9 13 21
6 8 21
4 7 36
15 17 19
9 12 45
22 0 21
23 1 5
9 11 44
23 4 19
15 18 44
15 18 19
18 20 3
4 8 17
5 7 24
18 20 7
22 2 7
2 5 37
9 12 1
20 23 11
1 4 13
13 15 16
1 4 21
2 5 35
23 1 29
20 23 20
23 5 47
16 18 9
14 18 15
3 6 47
16 20 27
1 4 45
14 17 9
3 3 34
18 21 24
8 9 46
15 18 1
23 2 27
10 13 12
18 22 14
17 20 12
1 5 27
1 3 32
15 19 11
5 7 21
9 13 8
19 22 11
4 7 48
15 19 3
3 6 44
20 1 39
10 13 28
15 18 49
18 20 5
2 4 12
11 13 12
4 8 36
4 6 5
0 3 34
19 21 41
9 12 7
22 2 11
17 20 15
13 16 48
4 6 15
19 23 23
14 17 10
7 10 9
2 4 5
23 2 44
19 20 12
21 23 33
22 2 39
1 4 24
3 4 42
6 10 34
6 9 37
1 4 10
12 14 19
7 8 40
18 20 17
17 20 11
14 17 27
16 18 44
11 13 45
13 14 1
23 2 20
4 5 47
5 7 33
6 9 12
22 2 32
5 9 37
20 0 17
19 21 24
23 2 6
12 15 8
5 7 29
3 4 1
16 20 40
1 5 19
17 21 47
12 14 6
5 7 36
12 15 41
17 19 26
20 22 50
9 13 40
3 6 15
0 1 33
5 7 20
23 2 44
23 1 2
18 20 14
2 4 12
11 13 50
7 9 43
0 5 37
4 8 36
6 10 32
2 5 8
9 13 41
9 12 43
4 7 27
23 2 15
19 21 22
22 1 26
22 1 23
1 4 25
8 12 32
11 15 3
22 2 33
12 14 46
20 23 13
5 8 17
6 9 16
11 14 5
23 1 30
21 0 46
17 20 30
13 16 10
22 3 48
10 12 48
5 8 2
15 18 43
8 10 48
12 15 24
0 3 6
9 12 19
4 7 24
0 3 30
11 15 12
3 6 15
15 18 26
17 19 11
15 16 29
11 15 37
6 9 37
8 10 36
11 15 10
12 16 26
8 10 33
0 5 11
15 17 32
23 3 21
20 23 33
15 18 46
3 5 44
22 0 11
8 11 13
8 11 11
19 22 13
15 18 37
18 20 26
15 19 15
3 7 22
6 10 25
6 10 17
3 5 48
13 16 25
20 1 23
6 10 13
19 23 13
3 7 25
4 6 49
15 19 39
3 6 47
16 19 37
10 12 39
8 12 26
5 7 14
6 10 41
14 17 21
12 16 2
17 19 39
16 17 12
9 12 50
19 23 41
4 7 26
20 23 41
17 19 24
16 20 49
4 8 45
10 14 41
14 16 31
12 16 25
17 19 35
1 3 30
19 22 37
15 18 18
4 7 47
16 20 34
8 10 11
17 21 17
17 18 40
13 15 38
20 22 39
1 3 49
22 2 19
7 11 9
8 9 7
16 18 2
3 6 47
5 7 19
0 3 36
21 0 1
4 8 30
6 8 25
4 8 25
5 10 9
7 9 4
9 11 49
4 6 49
22 1 15
14 16 18
5 6 49
5 7 18
15 17 7
14 19 30
9 11 41
1 4 16
17 20 49
8 12 33
23 2 15
3 9 7
11 13 22
17 19 5
22 1 11
17 19 39
22 0 45
15 19 24
1 5 48
8 11 22
13 16 34
3 6 37
12 13 39
17 20 32
10 13 16
5 9 36
17 21 1
10 12 37
8 9 39
6 9 4
9 11 8
14 18 10
2 4 30
2 5 21
0 4 9
13 16 37
20 22 2
23 2 16
11 12 47
17 19 49
9 12 40
4 5 22
17 20 7
2 6 43
5 7 6
16 19 36
21 1 4
2 2 45
23 2 16
13 15 11
20 22 50
17 21 41
16 17 24
17 20 17
23 2 48
8 12 5
13 15 45
10 12 50
17 20 11
17 19 42
17 19 40
10 13 48
17 21 27
21 0 36
20 23 1
18 20 14
9 11 24
23 3 39
9 13 17
0 3 12
2 5 9
16 20 45
9 13 25
8 11 29
7 9 4
12 15 23
7 10 45
12 16 4
7 11 36
3 7 26
6 8 45
3 5 22
8 11 8
11 15 5
16 19 10
23 3 33
12 13 9
2 5 31
10 14 33
5 6 17
10 11 8
22 2 6
19 21 25
5 9 50
2 2 47
7 9 40
22 1 13
10 12 30
22 0 32
13 16 37
7 7 13
2 4 18
12 15 33
13 16 36
23 2 49
18 22 46
16 19 9
21 1 6
12 15 38
22 0 24
9 11 21
12 16 14
16 18 24
17 20 23
16 17 17
5 9 43
13 16 34
1 5 27
10 13 34
23 2 26
11 15 34
2 6 18
15 19 43
0 5 6
10 13 18
6 6 21
17 20 11
10 13 35
9 13 40
16 20 13
11 13 4
18 21 30
15 19 39
17 21 26
2 5 42
10 13 13
16 20 22
15 19 35
15 20 14
7 11 34
15 17 7
19 22 21
19 21 48
1 5 50
19 23 47
2 5 43
11 15 35
15 17 7
16 20 23
19 0 10
17 20 28
1 4 18
10 13 8
9 13 3
6 10 20
7 9 4
16 21 25
17 18 34
12 14 6
19 23 25
6 9 6
22 23 41
6 8 12
14 15 25
14 19 35
10 14 6
2 4 46
3 6 41
8 10 50
14 18 46
19 1 14
5 7 22
17 21 16
15 15 11
7 10 13
16 19 27
16 21 9
21 0 35
7 11 23
17 20 25
16 19 7
8 11 44
3 6 17
11 12 49
11 11 7
15 18 10
8 11 22
9 13 23
13 16 3
6 9 8
14 17 8
9 13 2
8 12 25
20 0 26
8 9 18
5 7 23
17 19 3
20 23 37
10 14 27
5 8 19
14 17 28
13 15 20
14 16 41
15 18 37
7 9 4
12 12 37
9 10 31
23 4 47
6 9 7
15 19 5
11 14 43
14 17 37
20 22 38
14 18 46
20 0 48
3 7 1
11 13 40
7 7 31
11 14 5
23 1 16
3 7 20
18 22 23
17 19 27
3 6 25
18 21 48
21 23 23
7 10 19
14 18 19
22 1 7
20 21 16
3 5 30
10 13 34
8 11 40
6 9 7
7 10 34
17 20 5
20 22 15
8 11 29
14 17 7
1 2 8
13 17 29
9 12 20
18 23 43
15 19 36
6 9 21
1 4 24
2 4 32
11 15 49
16 20 30
2 5 47
15 17 9
22 0 47
23 3 17
13 15 23
1 5 5
19 22 19
23 0 34
19 1 37
12 14 41
3 7 34
11 14 26
10 12 49
11 13 9
16 19 7
15 18 27
2 4 38
10 13 36
23 2 33
15 18 44
5 8 38
15 20 2
5 7 5
16 20 15
23 3 37
2 3 45
2 4 38
23 2 46
7 9 20
9 11 37
1 2 50
15 18 44
16 18 33
5 10 35
22 0 13
2 5 49
23 1 5
22 1 43
16 17 14
1 4 42
9 12 7
0 3 41
13 17 33
0 2 12
13 14 18
13 16 9
18 22 11
3 7 31
17 19 40
3 7 30
15 16 21
17 20 43
16 18 22
14 16 10
21 0 15
5 8 42
20 23 40
2 6 30
14 17 18
5 8 27
15 18 8
13 16 34
6 10 37
9 11 25
14 16 36
10 13 48
4 7 22
13 17 43
10 14 32
5 6 25
5 7 30
14 16 18
3 7 48
14 16 24
22 1 3
22 2 20
18 20 23
6 10 13
9 11 12
3 6 10
20 23 43
23 3 6
0 1 33
15 20 29
13 16 49
16 20 30
7 8 13
21 0 34
18 20 34
5 8 3
0 2 16
16 19 50
17 21 6
8 10 37
19 20 16
16 20 35
6 9 48
3 8 44
9 12 50
12 17 25
19 23 26
20 23 27
0 2 16
23 4 26
1 3 38
22 0 36
1 4 9
20 23 13
22 1 39
11 15 36
14 17 3
20 22 27
20 23 30
13 16 28
21 22 6
10 11 16
8 10 8
16 18 40
23 3 3
10 13 21
13 18 30
20 0 44
14 16 6
17 21 6
21 23 50
2 8 23
13 17 42
11 13 46
3 6 48
13 14 14
5 8 15
13 16 8
7 9 38
12 15 42
8 10 16
1 4 47
12 15 6
9 13 1
16 21 22
19 21 1
21 0 17
18 20 47
0 2 25
13 16 18
10 13 3
10 15 14
13 17 32
5 9 19
12 14 9
9 12 28
0 2 48
15 18 17
20 23 18
2 5 44
22 3 49
23 1 18
4 6 17
11 15 25
19 21 32
16 17 8
1 5 1
21 0 43
9 11 49
15 18 46
1 4 2
10 13 48
8 9 47
23 2 19
23 2 48
21 0 22
19 23 14
2 4 39
1 4 9
20 23 13
0 1 26
17 19 28
16 18 24
12 16 46
8 12 26
7 10 5
5 9 46
8 11 15
0 4 25
0 1 19
11 14 12
19 22 29
0 1 35
5 7 50
0 2 18
23 3 8
17 20 16
1 2 39
0 1 5
12 14 25
7 11 4
9 12 25
10 13 16
15 19 42
12 13 15
16 18 9
19 20 44
5 8 39
20 22 36
10 13 6
0 3 37
16 18 26
11 13 21
17 19 7
1 5 42
9 12 50
4 8 31
4 7 36
16 18 13
22 2 28
10 12 28
18 20 17
20 22 25
20 0 25
15 20 36
9 11 33
4 5 9
20 22 31
4 6 5
21 23 3
11 15 12
18 23 47
2 5 50
20 0 24
11 14 8
8 10 40
11 13 33
18 21 12
17 21 46
9 13 42
0 2 30
17 21 2
19 20 8
7 10 27
3 5 17
3 6 20
4 7 24
23 1 32
17 20 30
12 15 33
22 1 7
11 13 33
11 14 45
13 17 42
20 23 16
19 23 35
23 2 25
10 12 26
9 12 3
8 11 38
16 18 29
6 7 10
10 11 34
12 14 34
20 23 8
11 13 48
3 7 4
10 14 50
18 21 34
7 11 19
3 6 35
13 16 30
3 6 8
1 6 36
12 15 2
16 19 38
12 15 34
17 19 48
21 23 5
4 7 30
11 14 34
8 10 22
10 12 38
7 8 42
6 10 2
14 16 44
23 3 12
13 18 16
14 16 47
8 12 16
0 2 36
1 4 23
4 7 14
22 0 8
3 7 6
14 19 47
13 16 48
3 7 15
4 7 7
9 12 9
7 10 27
6 10 15
12 15 42
21 0 49
18 21 34
11 13 13
12 14 50
5 7 46
22 1 9
22 2 31
13 16 12
16 19 34
6 10 18
22 0 46
21 23 13
1 4 45
1 4 49
14 16 45
15 18 50
3 6 35
1 5 24
22 0 30
16 20 26
6 8 11
22 0 16
8 11 17
4 8 35
17 22 10
3 6 34
22 1 49
22 2 25
4 8 11
12 13 32
13 16 33
15 19 30
1 4 4
18 19 20
20 22 50
14 17 4
6 9 48
3 6 22
21 22 35
14 16 50
21 22 38
4 9 49
6 9 40
7 10 43
16 19 35
11 13 8
23 3 18
3 6 43
9 13 4
11 14 22
9 13 47
8 10 27
7 11 16
19 23 4
11 13 43
15 18 34
8 10 17
13 16 48
5 8 32
19 21 15
5 7 27
17 18 11
1 2 16
18 22 40
13 16 20
12 15 44
6 7 19
18 21 35
12 15 32
11 16 6
7 11 7
6 9 42
12 14 37
8 9 20
22 1 34
2 5 45
7 10 23
8 12 22
22 3 18
6 8 45
4 8 14
18 19 29
9 12 30
2 6 7
20 23 47
12 14 38
7 9 39
8 10 18
2 5 8
23 2 34
17 19 21
0 2 33
1 5 3
0 2 14
22 1 26
14 18 20
6 7 5
5 9 28
5 9 21
14 16 36
9 13 42
18 21 14
8 10 36
14 17 33
1 4 20
6 8 46
22 0 31
3 8 29
20 23 20
16 20 27
12 16 30
18 21 45
3 6 26
22 1 9
7 12 12
1 2 6
6 8 33
20 23 11
12 14 13
8 10 19
3 6 37
3 6 9
3 7 22
8 9 28
17 19 6
12 14 29
7 11 48
16 20 39
15 18 35
3 5 16
17 19 31
7 8 36
17 20 15
20 23 43
18 21 36
1 5 7
22 0 14
13 15 4
16 18 1
11 14 30
21 23 7
0 5 3
23 3 28
11 14 11
21 2 2
20 23 36
16 19 24
17 20 34
10 10 28
4 8 22
22 2 3
19 22 40
7 10 17
14 17 25
21 0 9
13 17 41
21 1 48
19 22 12
12 15 24
12 16 32
3 5 16
2 5 36
16 19 44
1 4 47
0 2 35
5 9 27
19 20 41
5 7 46
23 1 42
7 9 44
11 13 11
20 23 11
0 4 8
18 20 21
0 1 48
20 0 48
22 1 24
15 20 44
5 7 44
3 3 34
8 11 37
16 19 23
19 22 36
9 12 26
22 3 4
21 1 16
20 23 47
20 0 7
14 18 15
17 20 31
8 14 41
21 1 2
12 16 2
14 18 42
4 6 32
22 0 30
20 23 21
7 9 28
16 19 46
3 6 20
13 15 6
13 16 13
1 5 30
9 12 15
6 10 37
9 11 2
9 13 37
7 9 19
14 16 6
1 3 43
0 4 12
19 23 45
2 4 11
2 4 44
16 19 19
19 23 11
9 11 12
7 10 31
4 8 44
6 8 32
3 5 35
2 4 13
1 4 45
21 0 6
10 12 11
9 12 24
20 23 28
2 3 9
18 23 37
4 7 39
14 18 36
0 4 21
16 21 26
18 21 4
13 17 41
18 23 43
8 11 5
14 16 20
22 1 18
7 10 30
4 7 2
12 16 47
8 11 13
23 2 12
2 4 6
7 11 49
13 16 38
17 19 23
12 14 48
6 9 43
17 20 48
13 16 46
8 10 48
13 17 32
15 19 12
17 21 3
19 21 27
23 2 26
5 8 26
22 3 17
18 19 47
11 14 44
16 18 38
10 12 31
21 1 24
10 14 29
17 19 2
0 2 13
2 6 28
7 10 40
17 19 20
18 22 39
13 14 35
21 0 34
5 6 39
2 4 4
9 12 8
7 10 7
8 11 33
17 21 45
5 8 47
17 20 16
14 16 35
16 20 13
21 0 14
3 5 13
12 15 39
4 7 46
9 10 35
4 8 13
2 5 1
0 3 35
4 7 18
20 0 24
7 12 29
16 20 13
6 9 31
1 3 7
4 7 13
19 20 34
19 23 47
6 8 14
14 17 23
10 13 35
20 21 44
0 4 11
4 7 6
0 4 43
14 18 18
12 15 46
0 4 41
18 20 20
15 18 39
13 17 33
23 2 27
15 17 40
8 13 22
16 20 21
0 4 39
19 21 38
7 11 13
23 3 39
9 12 5
16 19 7
8 11 37
2 4 21
2 3 22
2 6 49
20 0 15
18 19 14
9 11 37
0 4 25
4 8 12
11 13 46
0 1 3
9 12 41
6 9 13
1 2 31
11 13 40
6 10 31
18 19 17
12 17 6
7 9 21
11 17 8
17 20 45
22 1 6
19 22 11
12 15 27
9 12 38
9 13 36
2 3 22
7 9 3
14 19 40
15 18 24
12 16 32
8 11 11
0 2 5
7 11 27
16 19 49
3 6 49
17 21 10
5 9 42
20 23 12
0 4 22
19 23 37
10 14 37
19 21 47
1 4 4
14 15 44
16 20 20
11 14 7
4 6 45
12 15 14
6 7 4
21 23 32
18 21 11
18 21 8
0 2 39
18 22 3
16 19 45
12 16 1
10 14 47
16 20 16
1 3 2
3 5 21
7 9 24
16 20 34
13 16 37
6 9 2
17 20 41
1 4 40
5 8 48
11 15 28
13 17 3
15 18 28
2 5 3
10 14 24
11 14 35
4 7 4
4 6 36
19 22 37
3 6 10
14 18 2
4 8 32
15 18 43
1 4 4
0 5 48
7 11 45
16 17 3
21 1 30
23 2 1
19 23 1
20 23 49
20 0 23
17 18 33
12 13 24
6 10 2
8 12 50
20 23 45
21 0 1
20 23 45
4 8 11
7 11 48
17 18 36
1 3 24
6 10 20
5 8 41
0 2 35
21 0 19
6 9 27
12 15 31
16 19 33
10 13 26
23 1 12
18 22 48
9 14 3
19 23 42
3 5 14
3 5 50
20 23 3
0 3 17
7 9 18
7 10 23
3 7 25
17 21 3
3 6 41
3 6 22
5 7 17
23 2 12
16 19 2
13 16 28
7 11 27
4 5 19
22 1 9
16 18 19
0 4 36
16 18 35
3 5 37
3 4 16
14 18 14
17 19 16
10 13 24
15 19 35
1 3 43
16 19 30
19 23 46
7 10 24
6 8 43
2 5 33
10 14 40
12 14 32
21 1 38
21 23 14
0 3 25
7 12 7
15 19 21
2 5 37
20 23 27
15 18 26
11 14 28
15 17 26
4 6 20
19 21 38
8 10 48
0 2 29
19 23 4
12 14 48
4 6 40
16 18 35
6 8 21
8 10 44
23 3 44
0 3 36
9 14 32
4 6 40
0 2 40
18 20 39
2 3 31
23 2 11
10 13 18
3 4 27
19 20 20
16 20 24
3 6 27
1 3 28
15 18 46
23 4 39
8 11 17
17 21 34
8 13 38
11 15 16
2 5 50
8 10 29
8 12 17
22 3 41
8 11 42
1 4 43
15 17 18
23 2 42
15 16 50
16 17 24
18 20 11
13 15 49
20 23 32
3 5 29
2 5 11
12 15 12
18 22 32
19 22 24
19 22 49
22 1 44
1 4 32
3 6 5
13 15 26
7 9 10
6 10 38
9 15 43
8 10 21
22 2 13
15 19 43
21 1 30
5 8 18
10 14 22
3 8 6
0 4 35
5 6 30
16 19 46
10 15 6
1 3 37
21 23 46
2 6 15
12 12 50
9 10 15
19 21 40
0 2 44
1 5 34
3 7 5
13 16 9
11 16 41
21 1 11
20 0 25
0 3 18
7 10 15
17 20 31
4 7 13
1 4 28
11 14 38
5 8 16
1 4 37
7 10 46
5 8 20
17 20 17
7 10 20
7 9 4
11 14 28
7 9 3
21 0 43
15 18 24
16 17 43
13 15 2
10 12 48
13 17 44
17 20 19
14 18 50
0 2 21
9 12 19
11 14 3
21 0 20
7 10 35
12 15 8
20 23 9
0 2 22
19 23 47
9 11 43
4 7 35
12 15 46
19 23 42
17 21 16
4 6 21
20 1 43
13 15 13
14 16 29
20 22 28
1 4 43
11 15 12
5 9 27
20 0 31
17 22 32
18 19 45
1 3 4
23 1 18
2 5 9
3 8 40
13 16 10
22 2 45
11 12 47
18 20 10
23 3 43
1 3 18
6 7 18
6 8 21
3 7 31
17 19 44
1 5 35
14 16 19
12 15 26
13 15 36
14 17 19
16 20 41
18 20 11
19 23 26
17 20 50
14 17 14
12 14 14
8 12 6
8 12 42
4 6 9
6 8 40
1 5 15
17 19 47
2 7 26
20 0 38
2 4 43
7 11 18
16 19 40
6 9 16
4 8 5
17 20 48
10 13 22
19 23 27
20 23 17
21 1 12
12 14 46
2 6 16
9 10 44
17 20 28
0 3 33
7 11 30
17 20 25
11 13 9
1 4 41
20 23 39
2 5 32
15 18 9
3 6 18
10 12 21
17 20 28
4 8 49
19 23 40
16 19 7
7 11 37
10 13 5
8 11 43
2 5 10
2 5 5
8 10 36
21 1 50
11 13 22
15 19 41
19 22 38
9 11 24
13 16 21
13 15 42
17 20 3
1 3 8
3 5 16
18 21 30
1 6 9
2 3 39
15 18 22
12 16 1
10 13 8
10 12 48
12 15 25
13 16 35
20 23 23
20 23 2
13 16 22
22 23 38
20 0 3
9 14 30
12 14 43
16 19 5
0 3 39
8 13 8
15 14 42
11 14 23
19 22 10
12 16 50
6 9 25
2 5 8
12 15 10
4 7 16
15 18 4
23 1 23
8 12 34
19 21 5
18 22 17
15 17 17
4 7 13
8 12 17
7 11 22
16 19 11
19 22 37
14 16 29
18 20 3
5 6 40
12 13 49
3 8 22
19 21 16
3 5 8
8 10 37
10 13 29
23 2 1
1 2 41
12 16 47
0 2 39
5 8 44
0 2 39
8 12 20
22 1 10
17 21 27
13 17 46
15 18 34
9 11 31
13 17 14
21 0 29
23 2 26
1 4 7
17 21 25
13 15 50
18 21 18
0 4 10
15 17 37
0 4 36
2 5 45
9 13 29
16 19 14
20 23 35
7 10 46
15 19 32
2 6 4
12 15 14
15 18 10
16 19 27
0 0 41
0 2 49
23 3 10
22 0 36
4 8 19
18 23 2
12 16 32
1 1 18
15 18 7
0 3 11
7 9 8
4 6 9
5 7 31
9 13 6
5 7 50
20 22 18
12 15 16
1 6 30
15 17 44
12 15 19
10 13 32
19 22 50
15 17 36
16 18 30
12 15 21
3 8 23
9 10 34
23 3 32
9 11 3
1 6 26
2 5 35
21 23 16
22 22 49
10 13 1
5 8 18
6 10 4
19 22 33
0 3 36
18 21 41
3 6 17
8 10 17
22 0 4
12 14 14
17 21 38
10 13 35
19 22 27
23 2 35
21 1 12
12 14 46
8 9 3
10 12 46
3 6 41
18 19 42
7 12 15
16 18 43
0 5 34
19 23 25
19 23 11
10 13 13
17 21 37
11 13 34
22 0 24
16 18 24
8 10 43
8 10 39
0 3 17
13 17 31
3 6 11
9 13 17
23 1 23
8 10 23
5 10 7
13 17 31
12 15 27
22 1 14
8 11 24
10 13 22
20 22 42
17 19 24
6 10 28
9 13 15
12 17 34
3 4 9
1 4 27
12 15 50
4 7 18
23 3 33
9 12 28
2 5 28
10 13 49
14 17 50
3 6 18
0 2 34
5 6 10
16 19 3
5 8 33
19 21 36
11 12 40
21 0 11
2 3 20
14 16 36
21 0 29
0 3 7
23 4 37
8 10 1
5 9 50
5 9 9
4 7 48
22 1 6
23 1 17
4 8 48
9 11 38
0 2 4
10 12 8
15 18 16
10 13 22
1 4 38
18 21 5
12 14 13
7 9 23
17 20 33
4 6 38
4 5 2
5 9 42
11 15 38
0 4 27
12 15 17
0 2 12
16 18 10
0 2 23
12 17 26
5 9 26
3 6 35
12 16 39
17 21 6
7 10 20
5 6 29
14 15 38
15 17 14
14 17 3
13 14 7
11 14 41
18 22 48
18 21 6
22 1 37
4 5 25
21 0 42
16 19 26
21 0 35
10 13 15
7 10 8
5 6 44
17 19 39
17 21 32
2 7 15
0 4 24
3 7 39
10 13 28
3 5 26
21 0 22
12 15 38
4 8 32
7 12 29
1 5 3
12 16 32
5 9 8
1 4 39
12 16 11
2 6 25
3 7 22
8 9 14
10 13 17
18 22 17
10 13 38
21 0 7
1 3 31
20 23 48
7 10 45
5 7 4
5 7 46
19 21 41
17 20 34
2 5 43
11 15 26
2 5 40
5 9 9
21 0 17
8 11 30
11 13 46
18 21 21
11 12 50
15 18 35
8 12 49
5 7 34
19 20 38
17 22 10
10 14 22
19 20 16
1 4 15
23 3 42
14 16 32
22 1 48
1 6 14
18 22 3
15 17 5
4 5 37
11 15 27
15 20 2
0 2 8
7 11 3
12 17 30
7 10 2
9 12 16
3 7 5
20 21 30
1 3 37
19 22 45
11 15 35
9 9 25
23 1 49
14 17 28
9 14 11
13 16 42
2 6 26
15 19 4
17 21 49
0 4 19
23 2 48
14 18 1
7 9 10
21 1 24
21 23 23
12 14 23
23 3 15
6 10 15
10 13 8
16 17 46
7 11 38
19 22 7
14 16 32
14 18 38
7 9 4
0 3 4
15 18 35
20 23 28
5 7 42
13 15 14
4 7 32
14 17 35
2 5 50
4 8 14
0 1 24
0 1 24
11 14 38
9 13 2
1 5 45
7 10 25
23 4 23
10 13 22
22 0 30
4 8 17
1 3 33
1 3 29
7 10 4
23 2 23
12 15 23
4 8 30
7 11 2
18 20 17
17 21 10
3 7 29
5 7 41
18 21 38
7 9 14
4 6 33
8 12 37
2 4 43
22 2 15
13 16 32
10 12 14
9 12 37
14 17 27
21 2 6
15 18 6
23 3 50
10 14 16
9 11 19
16 20 23
4 7 20
13 16 32
6 12 26
8 12 7
23 2 23
5 8 45
18 20 46
17 20 30
0 5 46
10 11 13
5 7 49
3 6 24
10 12 44
23 2 30
2 5 47
3 4 31
16 20 4
13 17 18
11 14 17
3 5 50
15 19 39
18 21 23
14 16 18
8 11 1
16 20 31
2 5 46
21 1 32
18 21 6
1 3 49
2 4 48
15 19 48
9 13 42
3 6 1
18 21 42
20 0 45
1 5 19
20 1 45
20 23 13
12 16 33
13 16 12
21 0 28
22 1 32
23 2 8
17 19 45
23 2 42
4 6 45
12 14 11
7 12 15
17 21 36
9 12 4
23 0 23
23 3 27
4 7 28
11 14 28
11 13 40
18 21 24
23 2 18
6 9 16
13 15 39
15 18 35
9 12 36
0 3 21
11 14 45
22 1 33
14 18 18
2 5 46
17 21 10
21 2 31
14 17 11
6 7 38
1 3 11
22 2 4
13 17 2
22 2 16
14 18 19
17 19 3
6 9 20
18 22 3
16 18 2
6 10 37
2 5 6
21 23 8
8 11 26
10 12 13
16 19 9
16 19 38
2 5 43
8 9 48
6 10 8
23 4 8
11 14 18
13 16 35
1 5 30
15 18 4
4 7 36
17 19 41
9 11 14
21 23 28
15 19 39
7 10 25
11 16 17
5 9 27
17 20 38
10 14 12
1 5 14
10 13 31
21 0 6
6 10 8
11 16 34
5 7 38
18 20 32
19 22 24
12 15 24
13 16 41
10 12 1
4 7 49
13 16 39
9 13 37
9 11 29
14 17 28
6 9 27
21 0 8
17 21 2
6 9 11
22 1 29
11 14 35
3 5 8
21 1 27
8 13 6
0 2 12
18 21 20
7 11 46
0 4 16
16 20 27
1 5 4
7 11 12
14 15 39
14 19 42
18 21 31
21 0 49
19 21 32
5 9 5
11 13 6
12 15 26
2 5 40
4 6 5
1 4 1
23 1 35
19 20 34
1 3 4
3 6 27
5 10 20
13 15 12
14 17 49
1 6 32
15 17 3
8 11 6
20 22 3
19 22 34
4 7 5
8 10 19
15 19 6
15 20 5
11 15 48
12 16 49
7 10 39
18 21 26
17 19 5
16 19 8
2 4 26
16 19 33
0 4 47
13 15 42
22 1 10
14 16 43
16 20 26
15 19 48
7 9 32
3 7 46
16 20 23
15 17 41
18 23 39
22 23 37
4 7 18
23 2 39
7 9 44
16 19 3
17 20 22
2 5 23
4 8 29
8 10 34
21 22 16
2 5 28
8 10 20
8 11 21
16 20 28
15 19 27
21 1 16
23 2 27
0 3 34
18 22 14
12 14 3
1 3 30
14 17 42
7 11 15
16 19 15
19 22 21
4 8 21
8 11 37
4 6 37
8 9 21
9 13 23
21 1 43
23 1 32
23 2 41
9 11 25
14 16 50
23 0 19
20 0 14
18 19 43
8 9 28
22 1 21
0 3 34
9 12 12
18 22 41
12 13 41
18 20 5
8 12 41
0 4 23
6 10 35
16 18 22
16 21 12
3 7 48
16 20 22
11 15 26
10 13 7
23 23 32
20 23 27
4 4 28
19 22 42
7 9 33
8 12 4
21 1 32
9 12 2
7 12 22
1 5 30
22 22 47
6 8 47
7 9 48
17 20 14
10 14 41
0 2 27
15 18 17
7 9 7
22 0 4
13 15 33
20 23 49
2 6 37
23 2 42
2 6 42
20 0 41
16 20 27
15 17 26
20 23 36
2 4 5
14 17 2
21 0 15
11 13 43
3 6 27
18 22 37
12 16 5
5 7 10
22 0 24
5 8 32
10 12 9
6 8 9
2 4 50
8 12 45
6 12 19
6 10 49
2 5 21
16 17 4
19 22 46
9 12 25
13 16 13
10 13 49
3 6 35
23 2 3
5 8 45
12 16 7
4 8 4
13 17 29
2 5 24
4 6 43
5 9 32
8 10 31
17 20 35
9 11 22
15 18 38
18 22 8
21 0 41
0 1 15
22 0 31
6 7 49
10 13 3
3 7 48
1 4 34
8 11 2
10 12 36
6 10 15
11 15 3
7 10 27
18 21 44
18 20 32
11 16 20
21 0 42
11 16 37
3 7 10
4 8 13
15 18 28
6 8 16
10 14 46
8 13 29
2 5 8
10 14 50
16 20 36
10 12 14
7 12 23
22 0 40
6 9 20
4 8 49
9 12 31
12 16 43
7 8 22
4 7 27
17 19 8
6 9 29
2 6 6
1 3 10
3 6 18
3 5 44
8 12 31
23 1 12
23 1 15
7 9 9
19 21 13
14 16 19
17 20 32
14 16 40
13 15 21
13 16 46
23 2 31
23 3 48
5 8 18
13 16 32
21 1 45
0 3 48
18 21 12
6 9 49
13 16 49
9 12 14
16 19 26
6 9 44
2 6 10
10 12 41
7 12 28
7 11 25
9 13 38
11 13 5
23 2 50
4 8 7
18 20 10
1 4 33
9 11 3
7 11 10
9 10 2
13 14 22
12 16 4
20 0 1
23 1 7
2 4 18
22 0 8
9 14 35
10 12 24
14 18 32
22 2 18
20 0 28
10 13 40
7 10 47
7 9 29
23 1 50
11 13 5
0 4 41
7 9 25
10 12 35
6 9 13
17 18 32
3 6 30
7 11 3
21 2 29
17 22 1
16 19 10
3 8 23
23 2 19
16 18 37
22 1 9
12 15 19
20 0 1
23 4 14
16 18 13
12 15 49
18 23 42
14 18 27
7 11 1
9 14 26
12 15 3
17 21 46
16 20 9
1 4 45
20 1 23
18 21 7
15 19 7
3 7 39
13 15 31
22 0 32
5 9 44
7 11 18
19 22 38
8 11 44
21 1 45
23 2 11
23 2 33
2 4 39
19 22 11
4 7 3
17 19 49
9 13 38
14 18 47
11 14 45
19 22 37
8 11 25
7 12 42
9 11 16
17 20 49
21 0 37
2 4 49
0 3 20
8 12 44
2 4 6
20 22 28
20 0 46
2 4 44
13 17 1
18 22 47
10 12 50
7 11 37
21 23 19
6 9 40
19 22 20
2 4 48
7 9 43
23 4 48
3 5 1
2 6 14
8 10 17
20 0 37
12 13 34
14 17 34
0 3 8
15 19 28
14 18 10
2 6 49
14 16 16
20 0 50
11 14 41
22 2 5
6 10 5
19 0 49
7 11 15
16 18 15
15 18 26
18 20 1
10 13 29
4 7 27
1 4 2
17 19 43
3 5 37
2 5 2
17 19 1
16 20 22
14 15 4
20 21 7
13 17 8
22 1 47
0 5 33
9 11 44
1 4 16
16 19 15
3 6 10
1 5 27
17 18 17
19 21 27
20 23 19
3 6 27
22 0 23
20 23 31
19 23 12
11 13 15
3 5 31
9 11 18
23 2 15
0 2 26
22 2 24
2 6 30
6 10 48
0 5 5
13 16 1
1 5 49
17 18 40
4 7 7
9 11 40
5 8 1
2 4 20
20 22 48
22 1 44
5 8 4
9 12 32
13 14 50
23 2 35
9 13 48
12 15 32
16 19 24
7 8 15
20 23 18
7 12 24
13 16 47
5 10 49
0 5 26
6 8 38
1 4 20
4 7 14
15 19 20
12 14 19
10 13 15
14 18 33
11 14 9
22 0 44
9 13 40
10 11 47
13 16 32
20 23 48
20 0 33
7 11 37
4 7 42
15 18 34
3 5 40
21 1 48
19 23 2
11 13 18
2 6 20
7 10 29
7 11 47
21 0 34
19 21 15
16 18 14
2 5 37
4 8 9
0 4 24
5 7 4
13 16 10
20 23 18
22 2 9
10 14 21
1 4 39
1 3 12
3 7 25
14 16 39
12 14 29
9 12 8
12 18 20
17 21 1
15 19 30
23 2 36
19 22 15
21 22 47
22 0 28
4 8 45
6 9 8
17 19 6
12 17 15
10 13 8
8 9 41
19 23 27
9 12 27
0 4 17
19 22 22
13 16 25
18 21 39
20 0 38
2 5 21
8 13 40
14 16 12
11 15 39
14 16 22
17 20 44
0 2 19
12 14 16
21 0 47
13 17 5
11 14 18
20 1 3
8 11 47
4 5 49
15 20 45
17 19 31
10 13 49
3 6 1
13 15 24
4 9 7
4 4 34
8 11 19
21 1 5
12 15 3
6 9 10
7 8 9
20 0 36
13 16 25
2 5 33
5 10 46
17 20 31
3 5 18
5 8 7
22 1 21
11 13 19
12 14 49
19 20 24
1 4 49
5 8 3
10 13 1
14 17 49
19 0 3
18 22 6
13 14 19
13 16 14
13 17 47
13 15 41
14 18 49
16 18 25
2 6 46
16 17 31
10 13 3
16 20 46
15 17 18
8 9 2
14 17 7
0 4 23
3 5 38
23 3 18
1 5 42
12 14 34
11 12 20
0 2 39
11 14 40
16 19 29
12 15 45
15 18 30
14 16 22
14 15 3
8 11 41
19 21 40
5 6 9
0 -1 38
0 4 48
11 13 16
18 21 4
18 19 32
2 5 45
5 8 45
8 11 5
4 6 6
7 9 41
19 22 49
23 4 19
11 14 9
16 18 50
13 14 2
7 9 35
22 0 13
1 5 30
19 22 20
16 18 2
3 6 21
6 10 33
13 15 18
6 8 31
4 9 18
8 11 12
16 19 24
14 18 14
13 17 24
14 17 12
12 14 18
6 9 40
14 16 15
23 3 46
17 21 10
18 21 32
20 23 14
4 7 5
1 3 36
17 19 21
1 4 43
5 9 24
0 2 23
13 17 21
5 9 7
12 14 44
0 2 25
23 1 37
8 11 32
12 16 13
7 10 20
4 6 33
17 20 3
21 23 36
5 9 42
1 4 4
22 2 33
11 12 34
3 6 21
17 20 13
2 4 43
14 17 9
12 16 28
5 8 36
5 9 29
8 11 31
0 2 34
20 23 46
15 19 38
21 1 36
3 7 47
19 22 28
20 22 46
13 16 6
12 17 25
6 8 10
16 20 20
6 7 41
19 23 28
23 2 25
10 14 25
13 15 8
15 19 19
2 5 1
22 2 26
7 13 11
7 10 38
10 14 21
10 14 48
13 15 13
17 19 20
12 15 30
1 4 26
10 13 35
1 3 35
3 8 23
22 1 17
0 3 24
16 19 4
18 21 39
6 10 28
21 1 23
15 18 32
8 12 19
12 17 1
14 17 18
20 1 17
4 8 17
13 17 15
14 17 37
4 9 21
21 23 44
7 11 1
11 14 47
17 20 11
23 2 13
8 10 20
9 13 1
7 10 28
21 0 33
16 18 50
1 2 49
3 6 16
21 1 42
8 11 12
20 0 49
1 4 18
8 12 8
6 10 14
6 9 42
1 5 1
19 22 8
20 23 35
8 11 40
5 10 21
9 11 38
15 19 20
17 19 3
5 8 43
4 5 41
11 13 21
12 17 16
0 4 47
12 15 4
20 22 48
11 12 30
20 23 46
23 3 39
1 5 39
3 6 49
10 13 40
3 8 36
2 5 10
19 23 22
5 8 3
5 7 2
14 17 49
21 0 2
20 0 14
20 23 25
21 23 15
21 1 8
13 16 39
10 13 11
2 4 5
10 11 27
11 14 5
3 6 18
14 17 36
3 6 23
10 13 26
17 19 19
8 10 12
23 1 35
0 3 26
8 11 24
11 12 50
17 20 34
22 3 35
4 7 12
10 12 25
23 1 27
17 20 39
12 15 29
5 8 17
2 6 3
18 22 35
11 14 43
15 19 17
10 14 26
15 19 28
15 20 7
16 18 49
0 2 45
11 14 47
10 14 38
7 11 34
18 20 27
13 18 13
20 21 15
13 16 27
12 14 17
7 10 4
20 0 18
14 17 32
5 7 19
3 7 18
14 16 25
17 22 30
14 17 21
3 6 30
10 14 5
19 0 50
23 0 26
21 0 30
11 16 31
0 2 11
22 2 22
22 1 49
11 13 19
16 19 26
22 1 13
18 21 21
6 7 19
21 0 10
13 15 26
21 1 6
19 21 33
20 22 3
3 6 35
0 3 29
1 4 30
6 8 18
14 17 47
14 18 13
23 0 25
17 21 3
18 18 6
15 18 31
23 0 24
6 9 6
18 21 24
6 10 22
15 17 44
8 13 34
9 12 48
21 0 37
19 21 40
13 17 27
11 14 38
14 15 36
21 0 35
6 10 45
3 4 5
14 18 38
11 15 11
1 3 15
22 1 2
3 6 17
13 17 23
5 10 20
10 12 37
6 10 1
4 8 9
2 5 42
6 8 18
7 11 19
6 10 1
8 9 49
2 5 48
16 17 17
12 14 23
7 9 5
4 8 6
16 18 3
18 21 23
15 18 34
1 4 23
13 16 37
3 7 45
8 9 19
17 20 37
7 10 13
5 10 10
22 1 25
21 20 22
3 7 38
1 4 7
14 14 21
22 1 26
6 10 42
4 5 15
7 10 6
16 21 36
17 20 8
17 23 2
13 16 34
14 17 14
21 0 17
13 16 39
2 6 48
3 6 19
2 4 30
1 4 29
19 23 14
12 15 25
14 16 44
22 1 7
19 21 48
18 21 7
7 9 25
17 20 7
17 20 42
15 18 47
3 5 42
12 15 16
22 2 30
21 23 6
22 1 44
1 4 24
19 21 37
4 7 27
3 7 25
21 23 36
21 0 40
11 14 17
11 14 8
7 10 23
12 13 29
8 10 46
10 13 15
6 9 5
0 4 15
19 22 16
14 18 21
1 4 45
4 8 44
3 7 10
16 20 4
4 8 24
20 23 37
10 14 50
19 21 15
10 13 6
0 3 17
13 15 6
6 10 49
23 3 9
21 0 18
1 4 14
14 15 42
17 19 31
5 6 47
12 15 34
20 23 1
16 17 26
16 21 44
13 16 23
6 7 22
6 8 46
6 9 43
17 21 21
11 14 31
2 5 20
9 14 2
11 14 42
21 0 32
20 23 30
21 1 16
15 16 9
1 5 5
7 10 47
9 13 47
20 23 49
18 22 18
8 10 18
17 21 13
2 3 19
8 11 23
15 17 44
2 5 32
0 4 49
17 20 36
1 5 42
3 7 19
23 1 3
0 2 30
14 17 34
12 17 47
22 0 31
4 7 37
3 5 33
4 6 38
8 12 43
1 4 33
23 3 41
9 12 44
15 20 25
7 10 28
13 18 21
2 7 31
12 13 25
0 3 37
4 7 32
21 1 5
21 0 9
5 8 35
4 6 45
9 13 9
13 18 22
15 18 18
21 0 22
16 19 45
5 8 22
9 11 45
16 20 5
19 23 17
21 1 46
10 13 27
9 13 7
21 22 25
16 18 31
9 12 9
12 15 24
20 23 21
13 15 18
8 11 34
8 11 40
7 10 27
17 22 6
5 8 5
12 15 8
6 10 29
15 16 30
1 1 41
23 1 30
7 11 45
3 4 14
7 8 45
18 21 3
4 7 11
2 5 30
3 7 17
1 2 33
17 19 8
5 7 22
22 2 24
20 23 40
7 10 31
4 5 23
10 14 22
7 9 33
17 21 41
2 4 35
7 11 36
9 12 40
0 2 18
1 5 33
12 14 16
14 17 12
13 16 30
13 18 47
17 20 50
17 19 50
8 10 10
7 10 4
10 15 22
16 20 44
6 9 10
19 21 19
11 14 12
3 5 10
1 3 12
15 18 45
9 12 32
8 11 29
15 18 18
10 12 32
17 19 8
1 3 39
23 3 11
21 23 12
9 12 24
7 12 36
1 5 13
5 10 11
17 19 7
13 16 48
17 18 9
10 14 8
11 13 14
3 8 44
18 19 42
21 1 9
10 14 25
2 5 16
5 9 23
6 8 41
14 17 13
6 9 20
22 0 20
9 13 48
17 19 21
6 9 1
22 0 39
19 22 31
4 7 13
9 13 46
23 1 24
16 20 5
20 23 38
15 19 43
8 11 30
11 14 9
11 15 37
23 23 29
23 1 37
6 9 27
14 18 23
10 12 43
8 12 45
15 17 45
0 4 15
10 13 38
6 8 45
20 22 32
23 4 6
16 18 32
15 19 23
23 3 49
11 14 20
13 16 45
0 2 14
7 10 20
1 4 6
9 12 33
15 18 44
0 4 10
22 1 42
14 17 15
15 18 29
0 4 3
2 5 11
20 0 1
9 11 9
20 22 31
17 22 21
22 0 12
1 5 8
9 13 25
15 18 27
10 14 46
16 19 29
16 19 10
18 21 11
3 5 50
4 8 12
10 14 31
16 20 11
19 23 13
20 0 16
12 15 21
18 21 12
1 5 39
8 12 36
2 4 24
11 15 47
0 1 8
8 10 48
18 23 45
4 5 22
23 2 7
21 23 45
2 4 16
19 22 43
13 16 30
3 7 21
2 5 22
21 1 11
22 0 28
17 19 12
10 13 4
1 3 43
11 14 31
17 21 31
14 17 39
22 1 38
17 21 49
18 21 30
1 6 5
7 11 20
12 15 10
22 2 32
1 5 17
1 4 31
0 5 42
11 14 1
19 22 26
13 16 33
8 12 21
19 23 42
10 16 19
1 3 9
19 22 37
10 13 5
3 6 9
15 19 16
11 15 4
6 10 23
8 10 19
6 8 13
23 3 37
21 0 13
21 22 32
10 15 6
6 9 49
22 1 28
21 0 9
13 17 47
2 3 15
18 22 39
7 11 9
15 18 46
10 13 15
14 16 7
16 19 42
5 8 15
4 6 33
3 6 9
3 6 19
11 14 22
9 12 42
2 6 8
3 5 37
6 7 5
13 16 50
3 6 23
12 15 13
3 6 38
14 19 9
1 5 40
4 8 46
23 1 40
22 23 21
17 21 38
4 7 31
16 20 28
7 10 11
15 17 26
23 3 42
2 7 36
10 12 19
9 12 10
17 20 27
18 23 42
16 20 12
12 15 19
5 7 7
8 11 26
16 18 11
10 15 17
1 3 8
1 4 13
19 22 33
10 12 35
17 21 3
0 5 11
10 13 37
20 23 23
14 16 4
23 1 18
9 13 36
1 5 35
0 3 23
23 1 39
21 23 19
8 9 49
5 7 7
23 4 1
15 18 31
11 13 41
22 23 43
3 6 50
18 20 46
21 23 25
15 18 23
5 9 23
16 22 47
16 20 28
3 7 3
7 10 4
9 12 23
23 2 2
22 0 11
2 4 23
16 19 40
9 10 2
15 17 5
10 13 13
4 8 16
14 15 5
9 11 30
14 17 39
19 22 5
15 17 50
23 2 36
16 19 39
22 0 15
14 19 32
12 13 19
9 12 31
6 8 30
8 11 27
10 14 25
20 23 25
13 17 38
12 15 17
2 6 29
5 6 8
16 20 5
5 6 31
19 22 32
3 6 2
2 6 44
14 17 33
9 10 39
15 18 33
11 14 14
2 6 50
23 1 43
13 16 45
17 21 15
2 6 34
8 12 20
21 2 20
8 11 35
1 4 37
4 8 18
22 23 43
20 23 33
14 18 6
0 3 1
14 18 21
7 10 6
9 12 2
8 11 21
13 14 10
6 7 27
0 2 4
19 22 35
12 16 44
16 19 26
5 9 17
10 15 5
0 2 28
6 8 27
8 10 49
14 17 10
7 10 8
22 1 26
7 11 10
22 1 10
6 9 46
22 23 26
21 23 19
2 4 16
3 6 48
17 21 47
12 16 32
16 21 10
2 6 27
0 4 43
19 21 14
8 12 27
11 14 45
9 12 48
16 19 43
19 0 32
18 22 1
14 14 16
6 11 39
9 11 38
4 8 2
2 6 7
4 6 35
17 21 44
2 6 20
5 9 18
21 23 24
8 12 14
20 22 20
6 8 22
16 20 3
7 9 4
20 23 12
9 12 16
3 6 43
20 22 31
2 7 7
23 3 29
18 22 12
1 4 7
6 9 7
7 11 13
0 4 22
22 23 33
15 20 9
11 14 7
6 9 44
5 8 37
18 22 7
22 0 50
18 20 26
6 8 25
3 7 24
19 21 9
20 0 14
1 5 39
2 5 5
2 6 34
9 11 12
18 22 20
11 15 4
15 18 46
4 7 47
8 11 10
16 18 48
9 11 42
12 15 35
23 4 25
15 19 38
15 17 48
15 19 46
10 13 26
3 7 30
23 2 45
7 9 21
9 11 27
3 6 5
18 21 1
2 5 28
12 15 40
20 23 36
0 2 2
6 9 50
21 1 41
14 17 8
14 18 32
3 6 41
15 18 40
17 19 31
14 17 35
1 5 20
13 15 29
13 14 29
7 10 43
1 5 30
15 17 30
2 6 37
9 10 42
20 23 14
13 15 39
1 4 21
9 11 14
11 16 34
0 3 9
15 17 2
5 9 32
15 19 48
14 16 27
20 22 37
11 15 4
13 16 50
7 10 40
22 1 45
23 3 6
15 19 2
21 23 5
18 21 18
5 8 5
3 5 4
3 8 13
5 9 24
0 3 2
23 3 22
18 21 46
11 12 16
20 22 38
13 16 33
10 13 21
3 5 16
0 3 11
22 2 30
7 11 19
1 5 21
5 8 20
23 2 45
6 9 50
11 13 3
14 17 1
3 7 2
19 21 28
9 11 50
13 16 49
9 11 33
14 18 47
18 22 20
2 5 14
0 1 5
23 1 5
7 11 34
5 6 16
9 11 23
2 4 10
6 9 4
0 3 13
21 23 4
23 1 17
5 8 24
22 23 17
9 11 11
0 0 50
0 1 39
2 5 10
7 9 24
18 19 14
1 4 36
21 0 44
6 8 48
16 17 13
9 13 18
8 11 16
10 14 43
13 16 33
14 16 5
15 18 26
12 17 34
21 0 23
8 11 8
11 13 33
9 12 8
9 12 33
15 16 3
9 10 32
16 18 16
18 20 2
6 9 24
17 20 4
22 0 33
4 8 9
5 10 49
6 10 47
18 23 12
11 14 29
20 23 14
9 13 36
2 4 43
10 13 12
2 5 7
22 0 25
20 23 31
9 12 50
4 6 3
13 16 1
12 16 39
5 6 40
8 12 22
9 12 12
2 4 4
7 10 47
2 5 49
20 0 22
3 3 21
8 10 48
2 3 12
13 15 40
17 21 11
6 10 34
19 22 49
4 8 2
11 13 11
13 16 43
6 8 45
22 1 48
1 4 2
21 21 16
18 21 40
4 6 42
5 7 6
21 23 17
23 1 12
17 21 23
14 17 14
7 10 16
6 9 7
2 4 31
8 11 45
13 16 18
14 17 17
21 0 47
11 16 43
19 0 50
10 11 47
17 21 11
15 18 48
4 7 24
18 21 31
17 20 37
23 3 44
12 15 45
13 16 36
16 20 45
12 15 40
19 23 15
8 11 2
21 23 35
21 1 19
11 14 49
3 6 33
21 0 50
17 18 13
0 3 4
3 8 27
15 18 24
7 8 35
3 5 18
17 20 30
20 21 49
9 9 13
17 20 16
3 7 34
4 7 19
11 13 16
5 8 39
4 7 48
18 22 3
3 8 50
20 22 42
8 11 4
6 9 14
17 21 9
18 21 8
12 15 44
0 3 6
14 17 46
9 11 25
14 17 21
6 9 13
6 8 29
7 10 47
13 15 38
13 16 47
12 15 33
20 23 25
15 19 15
0 3 31
4 8 27
5 8 1
21 0 7
2 6 34
22 2 4
20 0 38
9 12 37
2 5 17
0 4 37
0 4 47
2 5 17
0 1 8
7 11 35
18 21 35
23 2 18
8 11 8
15 19 34
17 19 43
0 3 39
22 23 47
20 1 6
10 13 49
22 2 47
0 4 4
3 6 47
18 22 15
13 15 15
14 18 5
6 9 21
21 23 30
0 3 24
2 6 20
5 7 32
10 13 20
4 6 38
2 4 23
13 17 14
0 4 17
22 0 49
19 22 19
9 11 25
9 13 10
5 8 20
16 19 45
17 20 41
8 9 30
6 9 43
20 23 15
15 19 44
21 1 40
20 23 45
5 7 6
14 15 2
15 16 34
1 5 2
12 15 39
5 9 28
14 17 14
13 16 24
23 2 15
10 13 15
14 17 2
2 5 28
10 14 25
10 11 22
13 14 11
2 4 40
15 18 20
7 10 5
0 3 42
23 2 32
14 16 6
20 22 3
17 20 4
1 5 45
9 11 31
8 12 32
12 15 20
8 10 1
9 11 40
10 14 39
13 17 17
2 4 29
19 23 26
21 0 19
12 16 31
5 8 28
3 5 26
23 3 13
3 5 27
21 2 43
17 20 5
3 5 18
15 19 37
9 12 4
3 6 48
3 7 41
11 12 50
15 18 17
0 5 19
5 8 4
11 14 23
4 7 31
6 9 36
8 11 28
3 6 40
22 1 19
15 18 15
18 21 31
0 0 24
9 11 36
2 6 31
18 22 28
8 9 30
1 4 22
7 11 36
20 23 4
1 2 25
12 16 43
16 19 5
5 10 13
7 9 46
23 1 28
17 19 11
16 19 31
23 1 39
20 23 36
19 23 30
4 8 47
11 13 45
1 3 45
17 19 28
12 16 12
23 2 45
7 11 9
1 3 8
13 16 46
0 2 43
11 15 3
5 8 47
2 6 49
22 1 11
23 2 3
21 0 32
10 13 22
9 10 11
14 17 26
21 1 43
8 11 30
4 5 34
15 16 21
23 1 27
20 22 9
18 21 44
5 9 4
16 19 7
8 10 18
8 11 42
17 19 25
2 5 42
10 15 39
20 0 5
12 16 35
23 3 4
3 4 26
0 2 16
19 22 32
8 11 13
12 16 26
3 6 46
21 0 12
1 4 17
1 5 43
20 23 41
8 12 5
1 4 11
5 8 25
1 3 3
4 7 35
9 11 38
15 19 18
13 16 12
19 23 33
9 13 18
22 1 6
6 10 43
2 5 20
0 3 1
9 12 6
21 1 19
4 7 19
6 11 45
14 18 47
22 1 27
19 23 27
2 3 25
8 10 45
15 16 5
16 18 35
11 15 1
9 13 33
9 14 43
11 14 26
22 2 47
0 3 41
19 1 20
1 5 17
10 13 24
7 10 35
4 5 18
17 20 17
