10000 100
22 13 34 54 50 8 32 92 40 82 85 71 63 28 80 45 96 3 79 36 35 81 19 68 25 10 93 31 73 45 23 55 100 43 95 14 43 98 85 62 42 69 49 11 56 14 69 58 65 94 75 99 27 94 96 8 54 78 8 4 4 38 100 10 87 8 77 31 51 88 57 14 63 34 17 60 64 31 8 81 27 56 84 46 19 76 77 55 28 57 93 62 40 1 19 55 51 50 34 44 
15 19 94
10 13 99
1 5 59
21 21 67
3 7 77
20 22 75
17 20 73
4 7 63
20 0 66
5 8 93
14 17 86
15 20 13
11 13 7
6 11 5
21 23 22
7 11 87
4 6 4
4 7 16
7 10 11
19 22 98
7 11 69
21 0 98
15 19 100
5 8 31
17 18 31
11 14 11
9 12 97
19 22 93
6 9 72
21 23 98
8 10 95
21 0 40
23 3 27
21 23 58
22 2 16
14 17 95
4 8 80
14 17 93
1 5 61
6 10 73
8 11 39
0 3 63
4 9 22
18 20 96
16 21 8
16 19 77
23 4 15
0 4 44
11 13 53
1 4 68
12 16 79
15 18 60
0 4 45
5 8 8
19 23 7
10 13 48
5 7 11
16 20 52
23 0 2
7 10 55
8 11 2
20 0 85
23 1 22
23 3 53
17 19 3
17 20 51
15 17 75
5 10 56
18 22 78
6 7 97
20 22 56
22 1 72
10 13 58
7 8 85
21 2 50
18 21 97
1 3 12
16 19 27
10 13 37
5 8 43
7 9 25
18 21 41
6 9 90
9 12 8
7 11 35
7 10 28
8 10 12
4 7 61
22 0 1
5 7 59
16 19 38
1 5 20
16 17 62
16 20 40
21 1 1
21 1 32
22 1 63
3 6 78
17 21 55
17 22 1
15 18 18
17 20 54
1 4 53
17 20 80
12 14 20
9 11 34
3 6 93
9 14 17
22 23 41
1 4 18
13 15 63
21 0 67
13 17 99
7 11 7
6 8 41
8 11 48
19 23 100
10 13 8
17 22 95
7 9 55
17 19 41
6 9 63
16 19 98
9 13 97
20 0 16
9 11 93
1 4 9
22 0 70
1 4 24
20 0 34
17 19 14
17 21 89
10 14 94
21 23 20
3 5 65
6 10 46
19 23 23
14 17 72
7 12 62
6 10 36
8 10 43
14 18 45
19 23 52
5 8 16
19 23 49
4 7 19
21 23 92
0 4 30
18 21 52
23 1 8
8 10 75
0 4 27
11 13 9
7 11 39
11 13 26
5 7 4
21 0 60
22 0 39
14 18 53
23 4 16
18 23 7
8 11 83
21 23 49
14 17 66
1 3 39
21 1 45
14 15 52
5 7 54
15 19 24
15 18 92
22 2 34
4 7 85
21 22 52
17 19 6
19 22 18
16 18 57
10 12 1
23 1 81
7 9 21
19 22 70
1 3 57
1 3 15
21 1 49
12 14 10
10 12 54
8 11 1
15 17 81
13 15 56
17 20 30
9 12 93
23 2 26
16 19 78
23 2 81
16 20 59
7 10 51
9 12 94
22 1 20
20 22 38
14 17 38
15 18 20
16 19 30
11 14 76
15 17 54
19 21 13
21 22 47
18 21 17
9 13 1
20 22 66
6 9 82
14 17 24
2 6 74
4 7 34
11 13 58
21 1 42
12 14 40
8 11 99
21 23 63
19 22 27
23 2 35
2 5 24
10 15 70
23 2 2
23 1 61
5 6 4
3 5 50
14 16 54
18 21 71
0 2 2
20 22 10
3 6 40
12 16 71
8 12 91
12 14 41
11 16 84
23 2 92
5 9 58
19 21 66
3 6 94
17 19 92
5 9 22
16 20 75
0 3 9
14 18 92
14 18 18
13 16 86
20 23 21
9 10 39
16 21 56
8 11 6
14 17 44
21 23 64
11 14 48
17 20 95
14 16 45
19 22 86
3 5 1
11 14 90
13 16 5
3 7 42
4 7 38
3 7 35
14 16 34
8 10 56
0 3 89
14 16 95
2 6 47
11 13 46
10 13 13
23 1 41
23 2 6
14 15 94
3 5 11
22 1 57
3 6 10
2 6 98
10 14 45
3 7 42
2 6 2
19 23 55
21 0 96
3 6 33
5 9 76
12 14 99
21 23 53
22 1 66
8 10 28
23 2 46
17 20 34
22 1 60
22 2 66
7 10 71
5 8 74
23 1 26
7 10 85
20 22 36
15 19 75
21 0 47
5 8 35
20 22 75
7 10 89
18 22 75
10 14 93
7 11 7
16 20 82
0 3 28
9 11 75
15 16 15
19 23 13
12 15 57
17 22 16
17 20 48
2 5 1
5 8 2
20 0 44
7 9 68
20 23 92
19 21 100
5 9 1
10 11 72
0 4 33
18 19 73
20 23 85
23 3 49
9 12 83
6 8 56
15 18 21
2 5 66
12 15 58
3 5 53
5 9 24
18 20 65
15 19 61
0 3 62
5 6 91
0 2 9
7 9 10
18 21 63
20 23 84
13 17 50
13 18 37
15 18 28
18 22 85
7 11 22
14 18 93
0 3 92
2 6 19
15 19 77
11 14 70
13 16 78
21 1 30
5 8 57
14 17 92
3 5 1
20 1 39
17 20 81
21 0 70
0 4 78
3 6 67
12 15 57
18 21 84
22 2 72
22 2 11
5 9 58
2 5 100
1 4 19
18 22 39
1 4 31
18 21 43
3 7 73
0 1 70
4 6 71
16 21 55
1 5 68
10 14 49
19 0 89
14 17 37
3 8 75
18 20 83
21 23 45
3 7 75
0 2 33
11 15 10
20 0 70
12 15 50
4 6 32
21 22 88
8 10 3
5 8 52
18 21 59
10 13 77
2 5 92
15 18 44
7 11 89
11 13 31
20 23 93
5 8 86
10 13 19
8 11 85
19 21 34
16 19 90
2 4 75
13 15 3
11 16 96
17 20 98
11 15 51
20 22 46
6 11 11
5 10 43
5 7 51
2 6 9
19 21 39
19 21 72
1 5 57
7 11 58
14 16 18
3 6 17
14 17 5
18 22 91
3 6 22
18 21 44
12 14 73
2 4 57
2 4 21
3 7 25
10 12 70
7 12 78
8 11 99
5 9 35
5 7 2
15 18 33
11 15 82
17 18 91
13 17 14
14 17 78
3 6 36
21 1 72
13 16 51
11 15 97
11 14 36
20 23 72
10 13 34
15 19 86
18 22 62
12 17 67
10 14 40
8 11 71
17 22 24
21 23 78
13 15 94
5 8 55
2 4 23
15 19 10
21 23 94
3 6 11
14 17 23
8 10 85
3 8 73
16 19 37
23 2 56
22 0 56
1 4 51
21 23 65
6 10 70
6 9 82
14 16 79
12 14 59
11 15 15
7 9 50
7 9 34
3 7 79
15 17 31
13 16 74
15 18 41
20 20 4
17 20 17
8 9 49
18 19 31
15 19 75
13 15 30
20 1 52
11 12 47
11 13 62
0 4 84
18 21 77
22 1 19
9 11 70
23 2 21
18 22 62
13 15 48
9 13 75
6 9 69
1 4 72
15 16 37
23 1 82
15 17 81
6 10 55
12 15 84
11 15 98
0 1 95
16 18 68
22 1 34
7 10 30
19 22 75
21 0 12
16 17 38
4 7 52
14 18 16
0 2 11
12 15 55
4 7 87
7 11 57
19 22 24
5 6 37
22 2 53
23 1 97
22 2 97
2 5 92
5 8 54
15 16 79
1 4 34
1 5 78
0 4 36
14 17 58
23 2 41
12 15 51
9 11 1
3 5 64
6 8 90
0 3 35
8 10 19
5 8 19
15 19 24
2 4 3
14 17 18
8 10 41
23 3 83
19 0 52
9 11 25
4 6 96
21 0 9
22 1 52
4 7 13
18 21 13
13 16 47
3 6 85
5 8 18
14 18 66
3 5 74
13 16 17
16 17 15
1 5 93
18 21 100
1 4 24
8 11 60
4 6 62
22 2 26
6 8 45
20 0 33
0 1 25
20 23 99
18 20 75
1 5 34
12 13 88
16 19 17
3 5 35
14 15 94
1 3 63
18 22 93
13 17 8
10 11 88
13 15 85
6 10 71
3 6 5
4 9 17
14 18 20
22 1 80
14 17 75
14 15 73
6 11 60
5 9 87
5 9 59
22 1 95
6 8 3
9 11 74
11 14 87
3 7 37
9 11 88
18 21 87
3 5 20
21 0 69
12 14 75
15 18 91
23 0 44
10 13 4
15 15 65
23 2 16
3 6 41
4 7 4
14 17 77
20 0 73
1 6 4
14 19 56
19 22 84
13 16 54
14 18 31
6 9 56
18 22 78
17 19 6
19 23 77
10 12 83
15 19 66
19 22 13
23 2 46
9 12 57
11 11 25
3 5 94
14 19 32
3 5 94
23 2 99
19 21 72
17 20 56
20 0 89
9 13 54
17 19 66
7 8 46
0 3 28
21 23 18
18 22 4
23 3 99
8 10 65
3 5 23
10 14 80
14 16 11
3 5 47
1 3 55
13 15 44
4 8 3
14 18 92
20 22 51
15 18 9
14 17 42
16 19 51
4 7 53
14 18 53
4 7 23
13 15 11
11 14 86
17 19 19
22 1 25
1 5 54
20 23 60
20 22 43
21 23 63
22 2 93
20 23 43
9 14 4
1 5 5
19 22 40
3 7 79
16 19 63
5 9 99
18 21 1
4 8 19
19 23 52
13 15 41
23 2 78
8 10 59
22 2 69
22 1 18
11 15 23
17 21 6
6 7 89
20 22 51
2 5 87
12 14 77
8 13 43
16 19 32
11 13 79
8 11 27
17 20 25
16 20 39
7 11 26
15 18 77
17 19 19
1 4 10
2 6 37
11 15 75
21 1 4
7 10 78
10 13 29
2 5 74
23 2 42
15 19 44
12 14 2
17 20 7
3 7 95
5 9 62
2 4 57
16 17 92
1 4 43
19 22 32
10 14 19
11 13 42
5 7 91
14 14 97
8 9 75
23 0 2
23 3 22
4 5 88
2 6 64
20 22 34
19 21 4
9 11 86
13 16 46
21 23 33
6 8 11
9 14 9
18 20 62
8 12 9
7 11 13
12 15 17
9 14 38
20 21 28
21 21 29
9 14 11
9 11 32
9 10 95
14 16 74
10 13 8
16 19 48
23 3 89
2 6 60
0 3 25
23 1 63
21 23 19
17 21 54
18 22 15
11 13 90
6 9 30
12 16 10
13 15 53
18 22 92
22 1 26
13 16 19
10 12 66
14 17 99
3 6 93
22 2 32
6 10 61
6 9 62
14 18 27
4 8 72
10 12 24
4 8 15
9 11 10
4 8 34
2 4 84
14 16 32
4 6 10
13 16 67
20 0 44
14 18 47
20 23 48
21 23 61
4 9 92
18 22 57
23 1 47
20 23 84
6 8 97
4 6 74
20 21 59
1 2 9
13 14 74
1 3 1
10 14 41
11 13 29
15 19 83
12 15 15
14 17 45
5 9 50
22 1 15
19 22 40
22 0 69
0 3 53
14 18 11
15 18 1
14 16 9
0 2 72
5 8 56
0 2 49
23 1 32
12 15 64
2 7 98
9 10 56
14 17 81
8 11 65
16 17 97
8 12 65
23 2 50
16 18 60
1 5 28
19 23 45
17 21 29
7 12 62
14 17 72
1 4 19
7 11 2
14 18 94
15 19 98
3 4 29
12 16 48
14 18 72
19 23 83
15 19 12
16 19 14
22 1 3
15 19 39
23 3 95
16 20 7
2 6 46
12 14 22
23 2 77
11 15 11
21 0 90
1 4 24
23 3 15
9 11 60
14 16 14
0 3 63
9 13 19
16 19 66
1 5 15
4 7 13
22 2 4
8 11 41
21 0 96
1 3 32
9 11 8
6 8 23
23 3 53
14 15 3
0 3 27
12 14 69
3 5 58
18 21 73
11 14 94
4 7 73
12 13 44
23 1 54
22 2 74
4 7 75
18 20 66
15 18 11
1 4 36
11 15 11
18 20 76
9 10 62
14 16 76
5 9 83
5 7 33
6 10 41
6 9 54
2 6 26
11 15 15
7 11 60
0 3 48
11 15 18
22 1 48
9 12 96
9 12 71
17 21 56
5 7 33
9 12 61
21 0 32
23 2 28
9 11 25
23 3 86
3 6 4
10 13 32
16 19 92
1 5 85
14 18 37
4 8 33
8 10 66
14 18 93
6 8 35
12 16 66
2 6 49
5 9 91
3 7 70
23 2 64
4 8 62
12 14 5
21 0 69
5 7 56
12 16 61
13 17 58
9 13 34
9 12 58
4 8 29
6 11 62
20 23 99
3 6 38
14 20 47
11 13 44
2 5 65
1 3 94
1 4 60
23 1 47
12 16 97
5 8 57
16 18 94
10 12 93
6 8 99
9 12 76
8 11 82
0 4 5
4 6 100
22 1 26
19 22 54
21 2 1
5 9 93
5 7 10
13 16 83
7 12 23
5 8 14
17 21 54
3 7 77
11 12 70
16 20 48
19 21 89
0 3 31
13 16 15
21 23 56
7 10 64
8 10 36
7 10 47
6 9 29
5 9 37
13 17 31
12 14 78
12 14 68
6 10 16
16 18 75
12 16 56
3 6 35
15 17 32
5 8 77
9 12 48
4 7 30
18 21 49
23 1 32
10 14 29
5 7 97
14 17 78
3 6 61
2 5 71
9 12 13
16 19 79
13 17 100
21 0 3
11 14 30
23 2 36
3 6 57
13 16 61
19 21 45
18 22 1
19 20 10
17 19 22
15 19 95
4 5 48
17 19 41
17 21 19
8 11 64
16 17 17
21 23 66
0 4 47
10 14 30
2 4 51
21 23 44
19 22 99
21 1 51
11 14 30
13 17 92
10 13 5
12 14 2
8 13 90
2 4 33
0 4 22
22 1 54
2 6 89
15 19 30
21 1 58
10 14 85
17 21 5
19 22 43
19 21 100
20 23 26
11 15 54
23 1 64
14 18 33
7 11 81
16 20 3
19 22 11
9 12 29
20 0 69
21 1 2
11 14 61
11 13 42
22 2 32
12 16 53
10 14 69
1 3 68
11 14 18
2 5 79
1 4 68
11 15 10
15 19 58
4 9 66
23 2 39
4 5 24
19 21 44
21 22 63
0 4 72
21 0 34
17 21 96
4 7 59
17 19 81
6 9 73
7 11 75
14 15 2
5 9 68
3 6 98
8 12 20
19 23 32
10 12 12
14 18 98
13 15 49
14 16 85
4 9 93
3 6 91
13 16 78
18 20 79
16 20 12
18 22 47
21 0 90
8 9 38
8 10 29
8 10 37
11 14 57
11 14 81
6 9 9
4 6 70
9 12 6
6 8 97
5 10 95
8 11 93
3 7 50
1 4 83
15 16 8
15 19 95
22 1 2
23 1 25
7 11 64
21 0 3
13 15 90
19 20 97
13 17 79
9 14 90
21 1 94
5 9 54
19 22 64
7 10 8
6 8 49
20 23 97
9 13 67
23 1 76
5 7 82
23 1 97
22 2 37
23 3 86
11 15 72
3 6 24
3 6 41
20 22 26
12 15 33
1 2 73
12 14 72
7 10 32
1 3 1
17 19 39
23 3 67
5 9 29
5 8 28
1 5 21
2 6 38
18 21 82
23 4 81
5 9 34
23 3 45
22 0 35
15 17 6
1 5 46
2 4 34
18 21 29
10 12 55
12 16 96
6 9 60
16 18 64
0 4 8
12 15 55
16 21 48
3 6 8
7 9 28
3 4 96
13 15 15
21 23 85
2 6 77
0 3 58
14 16 65
16 19 24
14 20 26
14 16 65
11 14 15
1 6 97
19 0 31
6 8 87
13 17 24
2 4 29
16 18 52
9 11 39
14 16 33
3 7 33
19 20 95
13 17 48
15 17 99
10 13 1
13 15 23
12 15 11
20 22 59
13 16 63
11 15 99
14 17 33
6 10 66
12 17 37
3 7 72
2 5 21
3 7 44
1 3 87
9 11 40
1 5 62
23 3 19
20 0 16
11 14 38
16 17 55
9 13 30
4 6 40
21 1 86
23 3 95
10 14 5
5 9 21
20 0 12
17 19 8
19 22 5
13 14 89
10 12 59
14 18 58
15 17 80
5 7 47
10 13 79
16 18 74
9 12 67
19 21 16
10 13 29
2 4 98
19 21 39
15 19 25
7 10 59
19 22 31
3 7 51
12 13 71
2 6 10
13 16 93
23 2 100
6 9 88
5 7 6
4 7 52
9 11 10
9 12 69
9 13 20
8 11 22
19 21 19
4 8 31
20 1 37
13 16 33
22 3 99
1 4 70
14 18 8
13 16 84
14 17 36
17 17 93
1 3 34
3 6 32
7 9 4
7 9 50
5 9 90
12 14 48
0 4 55
10 13 6
9 13 13
19 21 47
1 3 58
16 20 48
12 14 47
10 12 1
9 12 97
10 13 86
12 15 100
11 16 8
21 0 75
19 22 28
1 3 89
5 8 65
17 20 22
9 13 76
18 20 79
5 8 18
10 11 66
6 9 48
6 9 9
1 4 6
2 4 42
12 15 78
14 18 17
8 11 26
7 10 61
22 1 58
23 3 1
9 12 24
19 22 2
20 23 51
19 20 74
3 5 10
11 11 53
18 22 42
12 16 1
22 1 73
7 9 95
17 21 28
15 19 41
21 1 71
13 15 16
22 2 19
7 9 58
17 18 37
20 0 52
13 17 79
10 13 32
2 6 38
12 15 59
20 23 44
14 15 19
0 2 19
13 16 77
9 12 58
22 2 96
4 8 44
11 14 52
11 14 60
3 7 89
22 1 66
9 13 34
3 6 28
13 16 24
4 7 13
9 11 15
1 4 34
23 1 94
23 2 62
1 4 57
7 11 27
20 22 21
12 14 90
16 17 11
11 13 98
17 21 3
22 1 31
23 2 27
16 19 23
23 3 48
11 14 17
19 21 43
14 20 51
12 16 75
19 0 39
3 7 16
0 4 100
2 4 75
11 16 68
0 2 50
9 13 99
17 20 49
23 3 48
9 12 50
22 1 29
2 4 92
21 1 82
4 8 35
21 1 84
15 18 29
10 12 8
18 22 52
7 9 71
23 2 49
4 7 52
18 22 18
14 18 74
4 9 71
13 15 41
0 2 27
11 16 36
18 20 99
5 9 33
8 12 76
0 3 86
1 3 68
9 11 37
3 6 65
13 15 57
19 23 20
12 15 49
19 0 74
19 20 84
13 17 14
20 0 91
19 23 49
18 22 17
17 21 73
7 9 64
10 13 72
15 17 64
1 4 75
5 8 16
8 10 36
18 21 10
0 2 33
2 6 55
12 15 99
22 0 42
10 13 45
8 12 59
5 9 94
16 21 37
6 9 56
20 0 79
0 4 53
11 13 78
22 1 23
12 15 90
2 6 65
13 15 50
20 21 47
10 13 80
20 22 3
20 23 35
17 19 60
7 9 25
20 21 12
13 18 57
4 9 35
11 14 91
3 6 73
10 14 62
16 20 16
18 21 23
20 0 7
4 7 37
16 19 46
15 16 93
12 18 21
23 0 83
9 12 25
14 17 78
23 2 28
12 13 49
19 21 34
23 2 65
15 19 83
12 14 49
12 14 53
17 19 22
19 22 88
11 14 65
5 8 24
0 2 3
18 21 19
22 2 70
7 9 88
18 21 4
23 3 80
10 11 30
10 13 81
23 1 44
12 16 56
8 12 51
7 12 58
5 8 23
12 13 14
21 0 94
23 2 92
0 4 73
22 1 67
16 17 95
15 18 83
4 8 83
20 1 55
19 21 13
9 9 34
4 9 59
13 18 17
9 11 64
9 13 28
22 1 42
6 10 49
21 0 20
7 9 52
5 8 25
3 4 55
18 22 68
3 6 88
4 8 38
12 17 19
15 18 89
20 0 53
14 19 18
18 22 58
16 20 81
10 13 87
2 5 83
23 3 57
17 19 83
6 9 16
22 1 45
8 10 65
21 1 37
17 21 66
4 7 67
19 22 9
17 19 40
22 2 30
13 15 6
23 2 22
9 12 68
1 6 84
17 22 92
15 18 17
16 21 26
21 0 80
4 6 60
14 18 68
9 11 6
5 9 95
7 10 42
3 6 38
16 21 41
21 23 92
19 21 39
4 8 72
22 1 74
18 22 45
10 12 76
2 6 2
8 11 67
4 7 62
17 19 52
0 5 10
22 1 41
10 13 4
1 3 89
13 17 50
11 14 75
10 12 61
23 2 9
5 10 2
5 8 58
6 8 5
22 1 84
1 3 46
20 2 39
18 21 63
17 20 5
15 19 9
5 7 71
12 16 36
14 18 38
5 7 45
10 12 26
15 19 81
11 12 98
21 1 44
18 20 21
12 17 59
19 22 78
10 13 62
22 0 12
22 2 81
2 7 79
15 18 85
21 22 34
5 8 47
17 19 85
1 3 55
5 8 82
0 2 54
13 16 52
18 21 20
3 5 9
16 20 72
12 14 81
21 23 2
13 17 10
13 18 94
14 18 59
1 4 54
0 2 28
4 8 68
1 6 97
0 3 72
7 9 12
14 17 65
12 15 67
11 15 47
5 9 69
3 7 95
6 9 95
23 2 38
12 15 36
9 12 8
14 17 30
19 22 74
11 15 4
18 21 78
22 1 59
5 8 26
10 14 92
23 3 78
3 7 43
13 15 47
13 16 3
8 11 65
14 17 73
18 21 83
17 20 3
18 20 37
2 5 17
13 16 30
6 8 17
2 3 80
9 10 10
1 4 77
4 5 10
0 4 32
5 9 97
20 22 71
15 17 67
21 1 65
10 13 90
22 2 52
13 16 22
10 13 71
3 6 78
21 23 81
8 10 43
22 2 47
11 11 28
13 15 47
1 3 79
4 5 11
13 15 26
11 15 3
3 4 24
8 11 88
5 8 13
5 9 21
2 7 54
3 6 93
3 6 10
4 9 61
19 22 15
13 18 8
21 1 53
4 7 28
1 3 32
3 6 67
18 23 58
6 9 63
11 14 84
21 22 16
20 23 16
14 18 73
1 4 38
5 7 48
2 5 82
19 21 43
1 4 40
8 12 63
10 14 52
0 3 35
14 17 7
1 3 52
22 1 65
4 6 68
10 13 48
11 16 16
5 8 63
19 20 27
7 11 28
5 8 95
7 10 82
7 10 15
19 21 24
17 20 18
12 15 2
6 10 44
10 14 59
8 11 85
23 0 57
15 19 16
8 11 89
8 11 91
11 14 99
4 6 91
19 22 14
0 2 34
7 11 86
20 23 97
3 5 65
2 6 72
0 2 15
20 0 28
20 22 18
17 21 58
9 11 97
2 6 35
11 15 82
7 11 16
5 9 80
16 18 35
21 1 48
10 13 68
21 23 42
23 2 94
20 23 69
3 7 40
18 20 86
2 6 94
3 5 74
1 4 95
14 15 87
2 5 45
6 10 84
22 23 92
0 3 96
1 4 70
4 5 50
15 17 14
22 0 53
20 23 25
9 14 76
5 9 55
8 11 59
7 9 81
8 10 45
22 2 74
21 1 73
7 8 55
16 19 48
8 12 28
10 14 34
17 20 56
14 18 42
9 13 62
23 3 13
4 8 80
0 3 85
21 23 84
5 7 37
1 2 71
17 20 5
15 20 64
12 17 15
17 21 69
20 23 40
7 9 49
16 21 93
15 19 16
9 11 41
6 8 26
23 2 79
18 20 21
7 10 18
1 4 64
14 17 18
11 14 34
9 12 45
5 8 100
7 9 74
23 1 68
4 7 43
3 6 85
16 21 38
21 23 39
10 12 36
0 2 13
3 5 79
0 3 96
3 5 5
4 5 65
7 10 46
0 1 83
6 10 36
0 5 33
7 10 15
15 18 99
10 11 12
10 13 33
17 19 20
5 8 19
20 23 23
3 5 67
7 11 61
8 11 76
18 22 37
3 7 68
22 3 88
16 19 61
15 18 60
10 13 23
1 4 48
1 4 61
13 16 51
18 22 72
21 1 71
9 13 61
4 7 30
18 20 99
0 4 1
22 23 56
4 7 58
3 6 71
21 0 27
4 6 20
19 0 35
23 0 30
15 16 49
3 6 16
21 1 70
7 10 71
13 16 46
18 23 34
4 6 38
12 16 20
12 13 76
19 22 59
23 3 10
7 10 69
19 21 87
23 2 48
2 5 67
17 21 12
7 10 90
1 3 78
17 19 93
3 4 86
22 1 19
4 6 66
20 23 76
9 10 78
20 0 86
12 15 50
4 6 13
4 7 37
2 5 57
15 19 57
23 2 59
22 2 9
7 9 23
10 11 26
17 19 23
15 18 60
13 15 54
0 3 19
14 16 43
23 1 14
0 4 97
14 17 70
21 1 65
2 2 10
0 1 58
13 18 69
18 20 4
20 21 24
14 16 90
11 11 14
20 23 50
11 13 87
22 3 25
13 17 29
12 15 95
7 11 52
16 19 65
21 0 64
7 11 52
18 21 3
14 17 63
5 8 58
2 5 16
6 8 79
3 7 21
3 6 50
15 19 98
3 7 15
3 6 4
15 17 91
9 11 99
12 16 25
22 1 100
21 0 72
4 8 30
7 8 68
13 17 58
3 7 23
10 12 54
19 21 69
9 13 21
21 1 79
9 11 47
21 1 20
8 12 91
13 17 35
1 5 73
3 6 72
4 7 55
11 16 72
21 2 23
1 3 79
6 9 56
9 13 99
1 3 24
8 11 26
23 2 37
6 11 49
19 21 62
4 6 9
17 21 83
4 7 96
1 5 94
21 1 26
4 6 57
7 11 61
4 7 57
19 22 31
1 5 17
6 10 90
4 6 15
10 14 77
14 15 29
8 12 90
6 9 14
22 1 9
19 0 98
5 8 88
3 8 15
20 22 60
18 21 98
19 21 28
8 11 98
7 11 69
23 3 54
15 17 82
17 20 42
17 18 81
6 8 17
20 23 44
12 17 40
1 6 66
13 16 83
13 15 63
8 11 69
0 5 98
7 9 66
4 8 20
9 12 34
14 16 46
19 23 98
1 5 47
23 2 77
18 21 83
7 10 72
3 6 74
14 17 31
5 8 93
3 6 58
10 12 56
1 4 68
3 6 33
6 8 23
13 18 51
0 3 2
17 19 60
3 7 87
7 9 73
12 16 18
19 21 86
16 19 35
1 3 75
5 9 99
7 10 16
15 18 64
13 16 75
14 16 97
18 22 34
12 14 3
23 3 61
1 4 96
22 1 5
11 14 55
2 4 65
14 15 10
12 13 46
5 7 43
6 9 63
20 23 68
3 7 79
0 2 95
21 1 94
0 2 100
21 1 72
23 3 34
16 20 8
10 13 41
22 2 50
19 23 4
15 19 23
20 23 65
17 22 20
5 7 89
10 12 44
18 21 87
14 18 77
19 20 58
4 6 50
12 15 79
7 10 1
6 9 89
16 18 53
8 10 19
3 5 61
15 17 79
4 8 27
17 20 10
8 10 70
9 14 71
5 9 42
14 16 51
4 8 69
4 8 55
16 21 48
23 1 81
14 15 10
4 9 25
8 12 7
15 20 88
3 6 2
6 11 5
9 14 47
23 4 66
15 18 61
1 5 84
22 1 24
12 15 78
7 10 45
23 1 84
10 13 35
0 3 44
3 7 67
17 20 69
0 2 90
20 23 40
18 22 13
15 19 50
17 20 72
6 9 82
14 18 25
17 18 1
22 2 54
13 14 58
7 12 27
5 8 76
11 13 96
5 8 5
14 17 58
8 11 91
16 19 91
11 14 98
14 16 35
21 23 53
13 18 74
8 13 66
10 13 22
23 2 25
8 12 18
7 9 49
6 7 27
20 0 53
11 13 39
4 7 49
9 13 53
15 17 63
7 9 96
20 23 35
7 9 89
22 1 98
21 1 34
20 0 78
3 5 47
6 9 81
6 8 67
22 0 40
12 16 3
15 19 39
10 15 57
7 10 68
18 20 27
7 13 1
6 7 78
12 13 69
20 0 72
0 3 95
12 15 42
8 11 50
12 16 65
13 16 44
20 23 68
14 17 98
15 18 15
0 3 84
22 2 81
2 5 89
20 21 87
1 5 63
12 13 15
14 16 68
14 18 20
10 14 9
13 16 39
23 3 96
19 23 95
11 13 51
1 4 93
6 8 88
4 7 56
21 21 99
15 17 55
18 21 96
17 21 10
18 22 86
7 10 18
8 11 32
5 10 1
9 13 42
15 18 27
23 1 98
17 20 78
12 16 60
2 5 60
20 22 76
1 6 21
10 13 87
10 14 32
1 5 89
19 23 53
18 21 97
17 20 4
18 21 50
23 1 24
18 22 8
16 19 92
10 14 50
22 0 26
1 5 6
8 12 53
14 17 99
22 1 32
11 14 36
18 23 29
13 17 64
19 21 87
22 0 65
14 16 29
0 3 22
3 7 37
18 21 46
19 23 27
14 17 1
11 14 74
11 14 29
1 5 73
9 12 99
16 18 15
0 3 57
14 18 62
20 0 26
19 21 30
19 23 71
1 4 29
4 8 12
19 20 89
2 5 90
12 15 17
20 21 42
16 19 42
17 20 77
12 16 47
18 21 19
3 6 69
19 23 6
9 11 84
23 3 80
6 8 25
14 17 31
5 9 51
13 16 21
2 3 67
21 0 29
23 2 71
22 1 80
17 21 9
0 4 34
23 1 40
13 15 33
2 5 27
0 3 59
2 4 67
18 20 71
12 14 62
14 17 51
7 8 79
13 18 29
11 14 70
15 19 47
0 3 1
22 0 25
10 13 34
12 17 6
4 7 25
18 22 29
21 23 38
1 4 15
22 2 42
11 14 59
14 19 31
1 3 53
11 15 55
15 18 62
2 7 87
3 4 69
0 3 75
20 22 65
22 2 32
23 3 59
20 0 73
5 7 1
5 10 35
18 21 43
20 1 90
21 0 95
0 3 17
9 12 66
15 17 64
10 14 63
13 16 4
17 22 53
20 23 78
1 5 53
6 9 45
9 12 82
23 2 91
8 9 47
8 11 36
17 20 27
16 20 5
18 20 83
16 21 84
2 8 29
13 16 64
16 20 66
15 17 88
4 8 81
11 14 56
19 22 85
3 5 91
6 9 73
12 16 81
11 14 37
9 10 73
10 14 66
6 7 35
4 7 92
5 7 37
16 18 87
1 3 78
3 7 91
12 16 25
15 18 37
5 10 95
2 4 45
19 0 44
6 8 75
5 9 17
1 5 24
18 21 56
3 6 42
9 11 46
20 0 38
19 22 4
6 8 16
9 12 36
8 9 28
11 14 87
14 18 23
4 8 21
18 21 89
21 0 67
0 3 75
11 15 70
3 6 63
7 11 22
5 7 92
4 8 66
11 14 11
22 0 84
2 4 9
3 6 71
10 14 33
11 13 50
7 10 69
21 0 26
20 23 2
2 4 46
19 23 29
9 11 55
19 22 54
17 19 10
23 4 71
3 8 3
11 13 30
9 13 71
21 23 11
4 8 20
5 8 21
6 10 32
18 21 47
19 20 65
4 6 85
1 2 68
7 10 25
16 18 61
4 8 85
15 19 94
20 23 10
12 17 1
6 9 27
1 5 6
19 23 41
13 16 11
1 4 90
10 12 76
17 20 92
23 2 89
9 11 92
9 13 53
12 15 75
12 15 34
6 9 84
18 20 41
2 4 33
19 23 13
8 10 79
15 20 13
8 12 30
2 4 6
3 7 88
11 14 59
9 11 72
0 3 97
4 8 22
15 20 51
10 14 64
20 0 65
14 18 82
7 10 38
10 12 82
9 13 41
0 3 31
6 10 74
8 10 40
0 3 7
9 13 58
16 18 95
22 0 44
19 23 78
5 7 100
14 18 29
2 6 4
10 13 56
9 11 61
22 1 62
22 1 93
5 8 98
4 6 32
11 13 30
12 14 46
1 5 79
2 5 81
1 5 83
19 22 35
11 14 41
1 3 34
7 9 56
14 16 4
7 11 77
20 23 66
9 11 18
16 19 78
11 14 81
17 22 85
18 21 28
13 14 9
12 17 17
10 14 68
8 11 86
19 23 59
1 2 98
11 15 69
12 14 57
11 15 10
22 1 62
12 15 48
17 20 3
22 1 1
19 21 86
6 9 53
14 17 97
19 21 26
14 18 37
16 20 63
15 18 70
18 21 83
21 22 55
20 23 98
15 17 56
1 3 86
8 10 58
14 18 21
8 11 47
4 8 32
12 16 43
23 2 30
14 17 83
13 15 24
14 18 55
23 2 27
8 12 26
6 10 67
8 12 50
7 10 37
20 21 26
7 11 100
4 7 56
4 8 81
16 19 9
20 0 71
18 21 93
4 8 24
5 10 45
4 9 16
9 11 92
21 0 28
19 22 18
21 1 60
7 10 86
23 1 87
5 8 52
6 11 42
1 6 28
21 1 62
23 3 11
6 8 51
18 22 86
10 14 27
0 1 5
8 11 74
18 21 11
8 11 72
9 12 95
6 9 47
4 8 78
18 22 42
12 14 65
16 20 37
0 4 11
13 16 98
16 19 74
22 1 61
15 19 51
18 22 7
16 19 6
13 15 70
0 4 89
6 9 90
13 17 71
13 15 3
4 8 20
23 1 58
8 11 34
15 16 65
15 19 42
9 12 78
22 2 29
23 4 82
16 19 8
21 0 65
1 4 9
0 6 73
1 5 17
9 12 92
4 6 45
11 14 86
12 14 94
5 7 38
16 18 100
22 2 12
16 20 20
9 12 99
12 17 37
2 6 62
6 10 9
23 2 58
9 11 6
13 15 39
15 19 71
8 13 14
4 8 18
12 16 17
2 5 26
0 3 75
8 12 43
3 7 23
13 17 91
15 18 79
8 10 44
6 10 84
20 21 51
18 20 75
12 15 2
10 15 29
8 10 61
12 17 11
3 6 75
6 9 5
23 1 77
12 17 99
0 3 40
16 20 64
4 7 8
1 3 88
7 10 67
3 7 35
2 5 4
17 19 75
21 0 14
5 7 12
18 22 87
19 23 38
4 5 92
22 2 15
1 5 88
9 10 32
13 14 6
17 21 24
17 20 97
21 0 12
5 7 82
15 16 80
16 21 45
4 7 3
21 2 61
3 4 18
22 0 42
4 5 34
20 23 79
15 18 64
5 10 35
12 15 97
19 22 16
2 6 5
12 16 3
3 6 24
15 18 86
20 22 78
19 23 55
11 15 33
16 18 38
4 9 20
2 6 36
4 6 62
13 16 31
18 22 98
8 10 98
15 18 20
4 7 79
21 22 80
12 13 63
23 3 83
13 15 59
1 4 37
3 7 88
19 22 51
14 18 48
12 16 96
16 19 54
3 6 3
21 0 70
19 21 53
20 1 69
14 18 71
20 0 28
9 12 14
10 11 35
19 21 58
8 11 92
10 13 80
6 7 7
11 13 29
19 22 86
10 13 26
16 18 19
15 17 36
5 10 14
20 22 84
17 19 53
0 3 60
2 5 8
18 21 80
20 21 51
2 5 2
14 16 95
10 14 8
7 10 31
7 9 89
13 18 97
17 22 66
9 11 92
10 12 59
18 21 45
16 21 24
17 21 28
1 4 78
8 11 84
8 12 67
10 13 69
6 8 61
20 1 12
18 22 83
16 19 45
17 20 100
1 3 33
6 10 88
16 20 16
19 21 74
15 20 87
23 1 3
15 18 49
6 8 64
5 9 81
9 12 28
6 8 99
15 18 81
11 13 11
6 6 71
17 19 51
3 6 70
7 11 76
21 23 44
6 10 7
1 5 69
17 19 32
0 3 63
7 10 27
0 4 37
17 19 46
21 1 14
23 2 87
19 21 49
18 21 91
11 16 64
18 22 6
17 18 39
5 9 66
3 7 58
19 23 34
12 15 53
2 4 63
4 6 36
8 12 3
14 17 95
6 9 85
11 13 61
11 14 71
4 5 30
12 14 74
19 23 76
14 16 64
22 2 40
20 23 46
3 5 12
2 3 41
13 17 41
14 16 38
6 10 28
18 22 60
10 13 6
13 15 77
13 16 10
2 5 15
18 20 95
15 20 61
4 8 9
2 5 51
3 6 23
10 11 28
8 10 92
0 5 16
15 19 70
18 21 89
17 20 52
6 9 94
21 0 87
12 15 88
0 4 87
15 18 63
22 2 89
9 13 28
12 15 60
20 23 85
6 9 83
11 13 37
5 8 52
6 8 85
14 19 82
22 1 86
0 3 4
11 14 93
0 3 81
6 9 70
14 18 83
23 1 79
13 16 84
19 20 3
1 4 24
9 13 73
4 7 43
9 12 83
3 6 77
21 1 52
23 1 96
3 6 70
12 14 9
15 17 95
15 19 90
15 17 94
20 0 21
9 12 23
13 15 61
4 7 22
16 19 26
4 6 48
3 6 34
18 21 75
22 2 91
6 10 33
10 12 12
4 6 37
4 7 33
22 0 79
15 18 10
12 15 26
18 22 58
2 4 99
22 2 31
11 14 33
22 1 1
7 10 76
17 18 96
22 1 42
6 8 69
19 20 37
4 6 45
3 4 93
1 6 74
19 23 82
21 23 13
22 1 90
17 20 16
22 0 69
7 10 9
22 3 96
11 16 19
1 4 23
16 18 4
10 13 46
0 1 11
19 23 10
5 9 23
5 6 94
15 18 5
15 18 91
5 9 20
12 16 32
9 12 63
13 17 75
17 19 58
9 13 4
8 11 76
3 7 34
7 9 54
5 8 19
1 3 10
3 6 39
23 1 40
19 22 31
10 12 56
8 11 86
20 0 6
11 13 49
11 14 3
1 4 93
3 5 5
12 14 16
20 0 79
8 12 74
18 20 39
12 14 77
0 3 19
8 13 16
19 20 11
16 19 14
7 10 4
8 11 10
6 10 74
12 13 36
16 20 16
15 17 23
3 8 47
14 16 48
17 21 5
17 21 72
14 15 94
7 11 47
14 16 28
16 20 84
8 11 22
12 14 78
13 16 17
0 3 46
6 8 29
2 5 29
8 11 70
11 13 62
3 6 59
19 22 77
18 21 53
19 22 11
23 1 17
18 23 11
20 21 22
15 18 18
20 23 36
14 16 99
15 17 48
7 11 44
2 5 80
17 21 32
9 11 18
16 19 40
19 21 17
11 13 86
0 4 22
18 22 97
14 17 17
23 2 50
1 3 25
4 8 57
16 19 1
15 17 30
3 6 31
20 0 39
20 23 15
14 17 6
23 1 50
8 11 66
6 9 54
21 23 29
20 22 92
19 23 60
20 1 96
0 3 49
14 15 94
8 10 74
5 9 92
2 5 5
2 6 69
22 1 41
18 21 66
13 17 1
16 19 38
11 16 58
3 6 8
11 14 39
10 14 83
9 13 24
13 17 91
3 6 75
8 12 7
1 5 77
20 1 22
5 9 76
5 7 89
4 7 59
15 20 96
23 2 18
8 10 53
13 16 27
21 1 72
8 10 64
14 18 21
14 19 74
11 15 64
6 11 26
15 16 99
4 8 91
19 22 31
21 2 10
15 18 50
17 19 43
5 7 82
23 3 87
17 21 42
12 14 57
22 2 87
2 5 10
17 19 13
6 8 53
12 13 34
0 5 36
19 22 92
22 0 68
1 3 14
4 6 73
5 9 29
13 17 29
2 6 72
11 15 74
18 22 72
14 18 73
1 4 37
6 9 74
13 16 89
13 16 95
21 1 35
7 9 60
3 6 68
11 13 72
16 19 90
11 13 44
15 19 83
1 5 18
23 3 71
11 15 85
10 13 34
3 5 25
9 12 41
8 12 34
20 22 67
21 0 53
4 7 7
1 4 38
5 9 10
2 4 7
10 13 71
13 16 94
6 9 24
14 16 65
19 1 77
19 22 56
23 0 32
10 13 17
8 12 70
0 2 96
12 15 47
7 11 78
1 4 54
19 22 67
9 14 28
15 19 39
11 14 33
0 6 99
22 0 74
5 9 54
17 19 85
9 13 49
22 2 84
13 17 68
23 2 22
17 20 32
12 14 15
23 2 13
16 20 72
13 17 39
6 9 20
6 8 84
4 7 90
14 18 4
19 23 33
6 9 8
6 10 71
2 6 54
14 18 23
0 4 92
12 15 62
18 19 48
0 2 29
18 21 87
5 8 31
15 19 49
7 10 6
15 17 57
16 21 89
17 20 47
22 0 66
17 22 26
17 20 64
20 0 50
20 22 90
20 0 25
19 23 14
18 22 82
19 23 37
7 12 60
12 15 15
20 0 58
5 8 99
13 16 70
5 9 71
15 18 55
21 0 65
19 22 21
21 0 95
8 12 20
5 9 47
9 14 76
14 16 58
19 0 55
1 4 86
23 2 94
14 18 64
14 15 85
0 6 81
14 19 7
19 22 98
20 23 42
9 11 24
14 18 71
7 11 93
9 13 2
22 23 20
2 7 39
6 9 49
17 21 92
10 14 23
4 6 17
14 17 77
21 2 98
16 20 72
3 6 67
4 5 88
6 8 15
14 17 22
2 4 45
18 22 34
11 15 7
17 20 69
2 4 55
1 4 54
22 1 26
15 17 90
13 16 23
15 17 3
14 18 51
22 0 65
14 17 71
20 1 67
18 21 79
3 6 22
5 8 70
6 9 33
7 12 47
17 19 91
9 12 38
5 9 75
14 18 71
8 12 67
19 22 92
3 6 39
15 18 37
21 23 86
23 2 86
20 23 71
2 6 71
21 0 39
1 4 86
15 18 12
19 22 59
4 7 65
17 20 89
21 1 90
10 11 69
6 9 71
3 6 40
20 22 87
19 22 81
9 13 93
10 13 1
3 5 69
23 2 21
17 19 53
10 13 32
7 10 43
9 13 87
18 21 31
14 18 17
21 1 81
13 16 50
2 4 39
22 23 81
4 6 50
1 5 96
8 11 48
21 23 32
3 5 21
19 21 22
7 11 96
13 15 31
19 22 88
11 14 38
18 20 61
16 18 81
6 10 98
10 14 68
4 7 96
23 2 22
1 5 1
18 21 6
19 23 5
9 11 16
8 10 12
2 5 9
4 7 42
11 13 39
14 18 23
20 0 65
18 20 1
10 14 93
5 8 100
10 13 80
23 2 56
12 15 90
6 10 34
14 17 43
5 7 32
21 0 66
3 8 83
16 21 23
11 14 67
3 8 27
5 7 73
22 1 7
22 0 18
8 11 12
3 6 25
16 19 11
22 2 83
1 5 46
19 23 24
7 10 15
17 19 89
22 1 14
5 8 11
11 13 11
20 0 57
7 11 75
20 23 23
5 9 55
14 15 57
5 7 50
8 12 41
8 10 68
18 21 86
13 17 82
10 12 5
0 2 36
0 3 7
13 15 71
2 6 67
5 8 70
2 5 62
23 0 80
3 6 78
15 18 55
20 0 3
19 22 3
6 10 5
9 12 99
16 21 44
11 12 29
4 8 42
2 6 60
21 0 38
10 13 95
7 8 17
11 14 41
23 2 23
5 8 11
6 10 92
23 2 8
4 6 9
7 10 49
12 15 65
8 11 16
22 1 82
0 4 50
9 11 79
11 12 97
20 23 45
13 18 64
17 21 16
17 20 59
10 13 46
0 3 59
2 6 53
13 16 86
23 4 14
6 9 65
4 7 54
9 11 86
22 23 47
6 10 75
8 12 75
3 5 78
4 8 55
8 9 23
13 16 25
10 13 42
0 3 27
16 20 94
18 21 96
21 21 33
8 12 47
20 22 59
23 2 87
5 7 23
8 11 23
19 22 25
3 6 35
3 5 40
16 20 31
13 17 85
9 12 71
7 8 99
7 11 89
10 13 31
6 8 76
5 10 39
15 17 25
6 9 37
20 22 53
5 6 40
22 1 38
5 8 1
1 5 73
6 8 96
5 9 67
15 18 98
17 21 11
22 0 50
4 8 75
21 1 36
18 21 6
13 16 64
19 21 45
0 2 20
23 2 61
8 11 8
5 8 81
7 10 9
22 1 96
5 9 100
11 13 28
13 17 33
7 10 7
2 5 77
12 16 83
4 9 57
16 17 42
20 22 86
11 14 19
16 18 53
14 17 98
16 20 68
18 21 5
11 16 62
18 22 24
14 17 11
9 11 79
6 7 90
4 7 8
8 12 7
5 8 22
18 21 45
3 6 36
9 14 3
23 2 95
6 10 19
0 4 48
6 11 26
19 23 73
9 11 21
23 3 37
10 11 17
4 6 12
22 1 1
18 21 84
23 1 63
14 15 62
13 16 50
5 8 78
2 5 37
0 3 54
4 7 91
7 9 3
0 4 65
22 1 65
13 16 90
14 17 86
5 8 61
4 7 42
9 12 23
2 5 63
23 2 41
3 7 99
16 22 10
11 15 28
15 19 60
15 20 6
16 19 53
4 5 68
21 21 45
14 18 73
22 0 38
10 12 77
16 20 95
23 2 64
11 13 37
17 21 65
0 0 58
0 4 58
6 9 70
9 13 79
16 18 54
18 21 97
7 9 70
18 19 66
16 19 96
19 22 3
22 1 35
21 23 37
15 20 9
14 18 36
23 5 10
16 20 41
3 8 36
2 5 86
9 12 84
19 22 28
8 11 21
5 8 18
10 13 24
2 6 4
12 17 22
0 2 16
17 21 15
15 19 3
5 8 55
19 23 73
9 12 76
6 10 18
22 1 95
6 10 46
17 21 22
17 18 65
23 1 34
12 16 3
3 5 96
2 5 80
15 18 31
18 21 15
3 5 38
19 23 45
3 8 97
7 11 80
15 18 91
19 23 38
13 17 36
9 12 73
23 4 23
6 10 26
5 7 79
14 16 91
20 0 32
9 13 79
20 0 13
8 9 2
12 15 24
9 11 33
14 17 58
16 20 60
2 3 63
12 15 61
11 15 84
8 11 24
6 10 87
15 17 79
2 6 36
20 0 44
15 19 82
1 5 13
23 3 83
4 7 73
10 13 100
16 17 40
22 0 64
20 23 30
22 0 13
5 6 81
0 2 72
6 9 2
20 23 60
22 1 67
14 15 35
4 6 14
23 3 78
5 7 63
2 5 29
21 22 77
13 15 52
20 23 12
0 3 59
8 12 32
15 18 94
13 15 14
10 15 14
1 3 18
17 19 58
1 5 100
23 3 90
16 17 93
19 21 97
3 6 13
17 20 14
17 19 31
7 11 93
18 22 32
5 8 33
23 3 20
22 1 99
0 2 66
15 19 21
6 10 8
12 14 40
1 4 81
1 6 29
3 6 97
0 3 75
2 5 82
7 9 94
16 18 79
1 6 5
5 9 33
15 17 79
11 13 40
5 7 100
3 7 24
21 2 91
1 4 13
4 7 11
1 3 74
20 0 80
12 16 94
17 20 8
5 8 80
16 19 75
8 11 49
13 16 42
2 4 20
13 17 35
19 23 80
21 0 49
15 17 89
1 3 11
13 16 76
21 0 95
21 22 42
10 13 41
14 16 33
14 16 18
12 15 99
1 5 89
23 2 27
7 10 34
17 20 7
9 14 37
6 12 83
10 13 82
1 5 95
0 3 68
23 2 58
15 18 71
11 15 70
7 11 68
11 16 44
23 2 30
21 0 11
8 12 25
19 21 86
9 11 60
16 18 24
16 20 15
17 20 9
22 2 34
10 14 49
12 14 61
9 12 70
0 2 50
4 6 99
5 8 90
15 18 32
3 7 37
0 2 22
16 18 29
15 20 69
0 3 14
2 5 41
3 6 76
23 2 33
21 0 79
6 7 90
13 17 54
2 4 91
0 3 27
16 19 10
17 22 57
15 19 31
4 8 85
12 15 48
3 5 71
5 7 79
15 18 20
9 13 35
4 8 26
1 4 23
0 2 3
21 2 39
3 5 87
13 16 64
1 4 15
22 1 76
15 18 66
4 7 46
19 22 25
19 23 62
20 22 26
19 21 36
5 10 68
9 13 28
19 23 54
11 16 69
12 14 75
16 20 85
13 16 2
3 5 28
16 18 49
3 3 84
1 2 82
16 19 97
5 9 47
8 10 21
2 5 81
23 1 70
6 9 36
0 2 16
15 18 22
2 4 26
5 7 95
11 14 2
20 1 85
5 7 88
4 8 43
1 3 41
5 9 64
11 16 23
17 22 36
14 17 63
2 6 5
22 0 24
21 23 96
6 9 63
2 8 86
15 18 11
5 7 9
16 20 86
13 17 98
14 18 73
0 3 96
8 12 38
22 4 86
22 0 18
1 4 21
10 11 77
0 3 93
4 7 82
0 3 56
5 8 13
19 22 28
5 5 25
10 14 83
23 3 39
16 20 91
22 0 43
0 4 79
14 17 9
13 18 60
11 12 94
6 8 89
14 17 78
0 2 29
17 20 70
16 19 29
4 7 89
21 0 51
8 10 97
20 0 25
5 8 71
10 13 20
12 15 96
20 23 15
6 11 36
11 13 19
22 3 46
6 9 89
12 14 25
14 17 87
3 8 55
21 0 43
16 21 50
20 23 52
12 15 1
23 5 37
11 12 75
14 15 34
13 16 47
8 11 56
16 19 49
15 18 85
17 19 95
22 1 20
0 3 25
13 15 60
3 7 53
23 2 66
1 3 33
7 9 85
13 16 51
20 1 12
8 9 34
22 2 82
5 8 19
16 20 41
17 19 9
5 7 68
21 1 55
14 18 52
11 14 62
7 10 46
20 23 22
22 0 65
1 4 33
6 8 7
16 20 99
11 13 45
0 3 96
10 13 30
23 1 63
4 5 1
17 19 6
23 1 54
21 23 78
13 15 39
16 18 29
4 7 34
4 8 12
12 16 37
8 11 63
13 15 57
5 7 86
6 8 44
17 19 54
9 11 77
1 5 53
14 17 36
18 22 25
19 21 52
13 15 47
8 9 35
2 4 79
19 21 15
18 21 96
20 21 87
7 9 65
22 2 8
20 0 45
0 4 90
19 21 8
17 22 30
10 11 95
1 4 48
17 20 97
21 0 95
9 12 69
11 14 53
20 23 49
23 0 51
2 5 24
23 1 64
3 7 46
17 19 2
14 17 87
23 2 5
0 2 39
4 6 75
11 14 39
8 11 1
12 14 43
5 7 61
0 3 93
23 3 52
23 3 53
0 2 14
1 4 15
3 6 26
1 4 94
4 7 80
7 9 83
10 12 99
13 16 7
19 23 65
23 2 77
15 19 83
5 9 51
19 21 48
18 22 42
19 21 96
1 6 80
0 4 12
7 9 39
13 15 40
18 21 48
18 21 67
3 6 66
22 0 24
4 7 67
0 2 8
16 20 41
19 22 5
14 16 37
14 18 87
23 2 22
23 1 34
10 14 27
12 17 42
21 23 2
12 14 93
5 8 12
1 5 61
17 20 97
20 23 71
7 10 19
0 3 18
10 16 71
7 10 54
13 15 51
1 3 40
21 1 48
11 13 76
1 4 35
22 1 48
3 7 28
21 23 80
13 17 14
20 21 44
10 13 30
6 7 25
12 16 73
13 17 46
6 8 94
7 9 41
11 16 91
2 7 9
15 18 94
13 16 99
8 10 1
21 23 12
1 4 41
20 22 25
11 14 35
0 2 10
7 9 83
5 9 35
8 11 24
11 14 21
11 14 1
13 15 67
21 23 21
4 7 34
17 21 98
0 1 34
20 22 12
4 6 35
22 1 17
16 19 6
14 17 39
6 9 8
13 15 23
5 8 51
19 22 6
6 9 91
18 21 63
5 6 76
5 9 31
21 23 35
12 14 39
18 20 48
4 7 41
20 0 24
3 6 79
21 0 72
21 1 77
12 13 44
6 9 48
8 12 48
19 21 56
22 2 74
8 11 24
16 18 43
12 14 82
17 19 47
23 4 68
21 0 94
1 4 83
11 14 65
9 13 54
9 12 6
12 15 73
7 10 89
20 0 88
3 5 66
13 15 65
23 2 99
21 0 5
13 16 9
14 17 95
9 12 89
20 22 87
8 10 56
20 22 9
13 16 16
0 3 18
3 6 97
15 17 68
5 8 34
20 23 35
22 1 72
20 1 78
14 18 80
23 3 6
18 21 73
14 18 25
15 19 48
19 22 43
17 18 62
17 20 100
15 17 93
8 11 96
10 14 52
3 7 67
17 21 21
2 4 76
17 20 72
12 13 33
19 22 90
14 18 29
2 5 82
4 8 26
7 10 20
5 9 50
6 8 29
8 12 83
10 14 40
13 17 50
21 0 3
3 6 83
15 19 64
1 5 43
14 17 92
8 12 21
0 3 91
3 6 2
6 8 83
17 19 87
0 4 53
21 23 63
23 2 20
22 1 32
16 19 56
22 1 50
18 21 15
7 11 35
1 4 86
23 3 57
13 17 27
18 21 20
15 18 44
13 16 86
1 5 89
16 20 60
17 20 54
23 3 3
1 6 82
20 0 63
2 5 21
5 8 53
8 10 74
1 5 35
22 2 100
23 1 96
12 14 44
18 20 29
14 16 58
7 11 4
9 10 67
15 17 93
19 23 29
15 19 39
10 14 79
3 6 35
17 19 48
6 10 10
13 16 44
2 6 43
22 2 52
16 18 8
1 4 71
4 7 91
4 7 40
23 1 51
19 23 71
8 10 14
6 9 93
2 6 39
15 19 4
1 3 59
7 10 84
7 11 1
6 8 26
1 1 10
10 11 33
0 3 27
4 6 28
9 11 39
22 2 31
12 15 90
16 18 83
5 9 69
3 7 55
19 22 23
9 11 34
4 8 74
19 0 74
23 3 38
8 13 85
1 2 15
6 10 30
12 16 28
19 23 85
0 2 11
9 12 64
7 11 44
0 4 20
21 23 92
15 18 66
13 14 37
17 19 20
0 4 65
23 4 75
18 20 38
9 11 85
14 16 66
0 3 55
8 10 25
8 10 15
18 21 31
4 8 22
21 1 75
13 16 84
19 22 9
2 6 14
22 1 31
22 0 58
17 19 63
10 13 24
9 11 92
21 1 37
23 1 44
7 11 2
14 16 88
3 7 34
1 4 25
18 22 13
6 10 65
20 23 88
2 5 54
5 9 85
10 13 45
13 17 62
7 8 98
6 10 58
23 2 60
10 14 17
16 19 17
8 13 94
6 9 94
4 7 56
20 0 20
0 3 58
9 11 39
18 22 60
16 19 28
23 0 35
15 19 97
5 8 61
2 5 42
3 7 90
6 10 65
4 7 25
12 14 28
0 3 13
3 7 36
16 20 9
21 23 41
19 23 26
0 3 8
23 3 85
7 11 84
6 8 82
10 14 98
15 18 60
6 9 88
22 2 57
18 19 76
7 10 8
1 5 45
4 8 40
19 22 92
8 11 51
16 19 83
12 14 30
10 13 15
20 23 9
2 4 76
4 6 5
7 11 27
23 2 42
12 15 83
0 5 30
22 2 78
10 12 61
21 1 2
9 11 72
2 4 70
23 1 98
18 21 78
1 5 19
10 13 20
16 18 83
17 20 55
21 22 66
4 8 3
14 18 69
4 7 26
16 19 94
14 17 38
9 12 61
20 23 32
12 14 25
6 10 32
6 11 5
4 7 74
6 8 64
9 12 88
20 22 27
13 18 4
13 15 55
16 18 72
1 5 14
16 20 85
3 7 7
1 4 62
14 16 8
21 3 65
17 21 24
20 23 12
4 6 36
20 23 11
9 10 45
7 10 24
11 14 16
23 2 94
7 11 88
3 7 46
21 0 21
7 9 25
3 5 35
17 22 85
17 23 69
8 10 26
1 3 82
11 14 12
17 20 63
11 14 18
6 11 2
10 12 14
12 16 41
19 22 15
15 17 40
17 18 10
0 1 68
15 19 86
22 1 12
0 3 6
19 23 33
2 4 55
16 20 68
12 14 30
18 21 16
1 3 4
18 20 11
17 21 24
6 9 10
4 9 30
8 13 26
23 3 61
5 9 81
3 6 18
20 22 26
7 11 85
17 19 95
5 8 69
8 10 62
4 7 59
7 9 56
16 20 27
7 10 77
10 14 73
8 11 22
5 7 4
5 7 61
15 17 86
16 17 55
21 0 9
13 16 22
20 0 8
10 14 2
13 15 12
9 12 68
20 23 23
12 15 97
17 20 50
10 14 15
6 10 36
11 15 5
7 10 35
10 11 22
5 7 55
10 13 21
5 7 87
11 14 51
18 21 84
19 22 88
14 17 44
5 8 30
0 3 88
3 5 16
15 17 66
22 23 43
12 16 1
9 13 35
16 19 41
2 7 94
4 7 51
17 23 69
18 20 71
23 2 27
17 21 31
21 0 58
14 18 44
3 7 61
7 10 23
7 9 14
1 5 84
1 4 28
21 23 80
0 3 81
19 22 91
0 3 82
6 9 10
6 8 93
14 16 30
14 18 70
16 17 43
20 23 71
14 18 93
6 9 68
22 1 51
15 15 70
3 5 83
10 12 22
21 0 25
6 8 38
2 4 32
12 16 59
12 14 75
15 18 41
21 0 21
10 14 24
8 13 69
23 1 18
10 14 48
23 1 60
12 13 73
3 7 21
3 6 43
10 15 63
16 20 96
12 14 63
16 18 84
19 21 28
0 2 93
19 21 27
3 6 43
3 7 61
12 16 87
5 7 98
22 2 85
9 13 81
21 22 8
22 0 90
15 18 54
17 21 8
17 21 76
0 4 20
10 10 59
21 0 95
21 0 9
0 4 17
15 18 27
21 22 17
8 13 63
8 11 77
11 14 44
11 14 39
11 13 84
11 14 72
5 8 68
4 8 82
3 5 55
17 22 12
3 5 21
16 19 52
10 12 31
2 5 63
7 9 20
2 5 48
21 23 20
17 20 16
16 19 2
7 10 70
10 12 99
1 4 4
12 16 9
9 12 60
23 2 22
11 14 72
21 1 67
8 11 43
19 21 90
9 11 2
19 21 48
23 2 77
9 12 50
23 3 38
16 19 50
2 5 81
3 6 33
14 16 84
18 22 69
9 12 80
8 11 44
1 4 66
17 20 49
2 7 26
17 20 67
10 12 77
22 1 93
2 3 76
14 16 31
12 14 97
10 13 5
8 9 53
7 10 51
12 15 22
2 6 65
3 7 49
9 13 27
18 22 46
15 18 79
17 21 89
22 3 1
9 12 51
21 0 22
6 8 27
1 5 17
22 2 65
1 4 59
23 2 56
7 10 1
12 15 96
7 9 71
19 20 71
9 12 47
0 4 64
16 16 27
23 0 78
1 4 52
21 1 75
5 7 20
15 17 37
17 19 89
18 19 87
8 11 68
7 9 46
23 2 60
10 13 2
14 17 43
20 0 39
7 9 51
18 22 54
20 22 40
18 21 65
2 6 95
0 2 32
17 21 60
23 1 99
17 19 56
11 16 95
21 0 20
16 20 57
14 19 44
8 11 85
16 21 30
19 22 93
12 15 29
15 18 34
0 4 97
16 17 20
13 16 43
8 11 65
19 23 94
19 23 7
12 18 15
11 13 51
19 22 22
21 0 38
7 10 23
17 21 34
23 2 55
22 1 46
4 7 3
10 13 12
0 3 7
7 9 21
20 22 97
10 13 57
4 5 71
10 14 85
23 2 60
13 16 50
12 13 94
22 0 12
19 22 99
23 2 10
20 1 91
12 15 25
12 16 14
21 22 87
19 21 28
21 2 45
11 15 64
7 11 12
20 23 33
3 7 47
6 9 26
12 16 87
10 11 60
2 5 92
0 3 19
12 15 35
12 16 31
2 4 7
9 11 3
7 11 67
23 3 58
8 11 21
18 22 99
10 14 39
17 19 82
6 9 45
6 9 78
0 3 93
22 3 60
17 21 8
8 11 91
17 20 59
17 19 62
17 21 46
17 22 61
9 13 76
12 17 64
2 4 41
12 14 95
23 2 31
16 19 43
18 21 96
16 18 74
4 9 25
2 3 56
14 17 72
6 8 77
22 0 37
10 13 12
3 6 72
4 7 65
15 19 13
9 11 28
14 18 99
17 17 60
8 10 55
22 1 4
3 6 90
23 2 33
11 13 78
11 15 23
19 23 71
1 3 45
19 22 4
22 1 26
9 11 10
13 15 39
14 17 13
16 18 81
10 13 37
12 14 22
14 16 11
3 7 65
21 0 48
3 5 9
15 20 49
6 10 43
20 0 37
22 3 56
4 8 94
5 8 47
21 23 11
8 11 86
9 12 87
19 21 24
22 2 63
7 10 25
12 14 93
13 14 56
20 1 33
18 20 41
9 11 75
23 1 15
17 19 62
12 16 60
23 4 20
2 6 54
19 22 17
19 22 2
17 18 81
14 18 97
21 0 48
9 10 74
17 19 69
11 14 82
13 16 42
23 2 60
1 5 60
0 2 27
22 1 56
11 14 47
13 15 16
14 17 3
13 16 42
22 1 37
15 17 55
12 15 77
4 8 41
19 22 58
17 21 31
20 22 87
19 22 8
16 19 77
9 13 83
22 1 94
8 11 75
11 16 57
0 3 20
5 7 79
17 21 72
9 11 40
10 11 85
7 10 28
5 7 93
8 13 24
18 22 97
17 20 63
15 19 61
1 6 30
1 6 6
6 8 56
11 13 77
19 21 72
12 16 90
17 22 97
4 7 48
4 8 42
0 3 29
13 16 98
18 22 59
11 17 77
0 4 48
0 1 55
3 6 88
22 2 38
18 22 21
2 5 37
9 12 36
6 9 37
8 12 23
2 5 36
2 5 64
14 18 43
21 23 14
3 8 65
13 14 8
16 20 28
23 3 36
5 8 58
14 18 50
22 2 91
11 16 1
21 0 45
4 8 13
22 3 93
22 1 40
14 17 31
2 6 83
8 12 65
7 10 54
14 15 75
7 9 13
12 14 85
1 5 71
21 0 76
3 6 80
5 9 47
9 13 24
1 3 75
23 1 84
1 3 14
4 7 43
0 4 28
11 13 35
3 6 82
0 3 7
7 10 62
7 9 61
13 16 2
23 4 26
18 23 47
15 18 89
9 12 93
20 23 66
22 1 91
11 13 59
11 13 84
16 19 20
13 16 43
6 9 77
6 10 68
16 19 32
6 9 26
10 14 31
13 18 82
9 13 39
15 20 8
4 6 5
22 2 91
19 21 33
15 18 94
22 2 29
12 15 25
15 18 65
7 11 39
5 6 94
21 1 13
2 6 17
18 22 49
1 4 5
2 5 65
1 4 11
22 2 30
10 12 2
18 21 65
1 5 25
12 16 22
19 21 1
19 20 82
8 10 71
16 19 69
7 12 45
22 0 27
3 7 45
16 21 92
6 10 53
9 11 28
16 18 69
18 21 23
8 10 31
4 8 83
22 1 64
11 13 76
23 0 6
10 11 76
12 15 79
23 0 92
14 17 2
0 4 62
19 23 18
6 10 27
9 11 79
6 10 39
0 3 46
1 4 64
2 4 20
23 2 19
2 6 42
14 15 9
15 18 80
14 16 64
18 22 52
19 23 16
17 19 93
10 13 28
3 5 76
4 8 24
20 23 77
21 1 85
7 10 24
23 2 100
7 11 11
3 7 6
3 5 73
10 14 31
22 0 16
19 22 17
0 1 23
10 14 82
18 22 58
6 9 39
16 21 95
8 10 33
17 21 75
18 21 29
18 19 50
0 4 14
21 23 7
9 11 20
23 2 95
1 6 45
5 8 47
3 5 63
9 11 43
19 21 17
3 6 92
1 5 58
21 23 73
9 11 94
6 8 60
19 0 85
23 4 88
4 6 91
0 2 20
21 0 12
0 4 26
14 17 50
23 2 19
23 2 68
2 5 85
12 13 95
20 23 44
9 12 58
6 10 38
12 16 28
13 19 97
17 18 79
12 15 3
9 11 6
10 13 64
19 22 57
1 3 85
14 18 58
20 23 59
21 1 76
12 13 63
1 5 62
20 22 78
17 21 1
3 7 69
8 11 5
17 19 53
2 4 39
2 4 24
2 6 85
21 1 58
20 0 95
3 4 73
11 15 77
8 8 47
13 15 13
15 18 55
5 10 25
17 21 55
22 1 36
22 0 58
20 23 78
7 9 99
21 0 83
7 10 54
20 23 72
7 12 57
9 12 48
22 2 94
7 10 7
21 23 75
1 3 97
17 21 44
20 23 68
7 9 50
16 18 8
20 22 97
2 5 52
8 10 19
16 20 61
4 7 94
1 3 100
3 6 23
12 14 9
4 7 82
8 12 24
14 17 11
2 5 26
14 17 66
14 16 18
17 18 11
10 13 77
6 8 13
9 13 43
0 4 91
14 15 76
6 11 63
14 16 21
10 12 34
4 8 14
13 16 92
11 13 34
22 1 49
4 7 31
17 20 15
21 23 5
10 12 51
1 4 1
13 16 92
7 9 97
13 16 47
12 17 13
19 23 89
13 16 32
13 16 75
22 1 56
10 13 43
14 17 63
5 7 31
1 5 15
17 19 90
10 12 14
11 13 7
10 11 10
5 9 52
12 14 70
21 23 89
16 18 50
4 7 69
3 6 24
11 14 33
22 0 3
7 11 8
4 6 45
16 20 76
2 5 84
14 18 93
20 23 56
1 3 17
14 16 16
4 7 13
4 6 20
16 19 17
23 2 37
19 0 37
16 20 55
0 3 86
18 19 77
18 21 84
1 4 35
3 5 92
13 15 19
20 22 74
7 11 98
2 6 85
11 14 57
7 11 4
12 16 82
18 22 70
22 2 17
15 19 6
1 5 90
7 10 52
13 14 38
5 8 26
12 14 51
2 3 35
14 19 57
18 19 30
2 7 72
23 2 31
6 10 40
4 8 82
8 9 74
17 20 38
0 2 57
10 15 62
9 12 22
9 12 98
15 18 15
20 23 88
21 0 23
0 5 98
23 2 9
8 11 47
19 23 66
22 0 99
14 18 53
14 15 42
10 14 43
7 10 54
17 20 6
18 20 70
22 0 56
13 15 68
0 2 41
16 18 26
6 11 35
15 16 55
15 19 95
11 15 34
3 5 11
21 0 70
0 3 95
16 20 63
21 1 100
22 1 37
13 15 38
10 13 38
12 14 67
21 0 37
4 8 95
21 1 83
14 18 74
11 13 25
22 0 23
17 20 36
6 8 2
4 9 66
20 23 56
9 11 12
12 16 88
9 12 74
7 9 61
22 23 68
3 5 68
0 3 28
6 8 81
18 20 51
19 20 71
13 16 63
10 11 62
2 6 91
14 16 56
3 6 51
4 7 35
22 2 23
3 5 87
9 12 49
8 12 44
11 14 5
19 21 22
8 11 77
19 20 5
8 10 39
0 2 21
2 6 81
18 21 46
22 2 9
8 10 71
20 23 35
4 8 13
19 22 60
15 18 68
8 11 70
13 17 19
10 14 98
4 7 47
15 19 67
8 13 72
10 12 100
12 15 33
3 4 83
3 6 66
13 16 93
7 10 21
23 2 4
15 16 80
8 13 33
10 12 25
17 20 39
14 19 87
20 23 6
18 22 68
21 23 44
21 0 53
19 21 42
10 14 2
4 7 25
14 15 22
16 20 49
10 12 77
4 8 9
7 12 44
4 8 43
7 10 84
2 5 70
12 16 14
10 14 50
2 5 50
20 22 88
18 22 21
6 9 57
12 15 4
14 17 71
13 17 51
9 13 22
20 1 81
15 18 28
16 20 69
3 7 85
18 21 63
4 7 4
12 16 47
11 14 96
17 21 77
6 8 79
18 22 96
11 15 84
9 12 15
9 12 47
16 19 74
22 3 61
9 12 94
16 17 60
10 13 36
9 11 81
0 3 23
20 1 18
23 1 80
7 8 66
9 11 41
15 17 69
15 18 22
13 18 54
0 1 89
13 17 23
2 4 25
18 21 74
4 5 29
14 16 51
19 22 54
11 14 9
10 14 27
3 5 27
20 23 17
1 3 97
16 16 94
23 3 40
16 19 10
23 2 82
11 12 85
10 10 82
13 15 24
20 0 58
13 16 66
12 16 51
19 22 61
23 3 7
18 20 86
20 23 7
20 21 82
17 20 31
17 19 19
17 21 58
19 21 90
9 14 58
8 10 91
4 7 60
23 1 16
4 6 37
2 2 87
3 6 62
6 9 27
11 14 45
11 15 70
3 6 7
17 20 84
11 13 37
13 15 49
18 21 46
0 5 44
22 1 68
12 15 74
10 14 92
7 10 54
15 18 51
16 19 12
9 13 38
5 9 52
23 1 40
1 3 80
6 9 23
8 11 58
17 20 8
17 21 69
19 23 43
7 10 73
0 2 62
22 2 32
6 7 41
2 4 26
3 7 57
6 9 83
5 7 33
16 18 16
1 3 42
0 4 29
2 4 44
15 17 67
22 1 66
7 11 49
0 4 7
17 20 17
10 13 92
19 22 62
20 0 45
5 9 46
16 18 61
17 20 66
10 11 51
9 12 99
18 20 97
21 0 25
1 3 83
18 22 65
5 7 29
23 2 66
10 13 45
4 8 35
18 21 18
7 9 75
13 15 35
14 17 39
20 1 99
20 22 8
18 20 2
23 2 55
13 16 52
9 12 29
23 2 76
17 21 35
14 14 46
1 4 97
22 2 96
3 6 83
22 2 24
23 3 43
2 7 73
18 21 10
5 9 83
1 4 51
20 21 14
1 4 12
22 3 43
4 7 66
22 2 26
8 11 96
5 7 15
15 18 43
8 12 17
12 14 66
11 14 3
13 16 38
10 13 86
21 1 3
12 13 81
4 7 87
14 17 6
11 14 38
3 5 29
0 2 2
4 5 37
5 7 46
6 8 32
23 2 49
18 21 4
0 1 33
12 16 30
14 17 59
5 9 90
22 0 71
8 11 50
5 8 21
16 19 25
21 0 28
4 7 75
10 13 32
21 1 96
0 4 72
20 23 67
10 12 65
12 14 60
9 13 68
7 11 71
9 12 16
21 22 74
5 7 21
6 9 31
1 2 14
11 15 32
6 8 73
1 4 39
4 7 31
1 3 45
6 9 23
6 9 77
3 5 41
16 19 71
12 17 68
4 8 76
17 19 59
20 0 55
17 19 43
0 2 7
21 0 61
5 9 81
13 16 42
8 10 89
19 0 2
21 1 78
8 11 19
20 0 30
12 15 84
5 8 36
13 17 56
2 4 57
14 18 70
16 20 88
14 17 13
13 17 70
3 6 20
22 2 39
14 17 1
23 2 23
19 22 59
16 20 81
5 9 17
16 18 38
10 13 15
23 3 5
19 21 91
20 23 39
20 22 32
11 13 53
8 10 41
17 19 46
20 23 81
20 23 44
1 5 62
16 18 59
12 14 60
15 19 54
12 16 66
4 6 47
23 2 55
4 6 19
6 9 39
18 19 63
11 12 99
1 3 86
7 9 29
17 20 92
11 15 9
6 10 31
19 20 63
22 2 36
12 14 24
10 13 82
3 7 51
1 3 15
3 5 32
4 7 95
6 7 20
0 2 100
4 9 96
5 9 76
21 0 39
19 23 72
19 23 80
17 20 19
5 6 10
21 0 37
12 15 16
0 5 67
8 11 96
15 17 23
21 23 11
15 17 64
15 20 69
3 6 95
21 0 66
17 21 80
15 18 40
12 17 94
14 18 4
15 17 47
17 18 71
3 6 97
17 19 58
22 1 27
15 17 76
1 6 43
2 6 98
1 4 76
14 15 36
4 4 85
23 3 9
16 19 81
12 16 24
3 6 61
22 2 55
0 4 73
16 18 30
13 15 96
8 11 7
10 13 15
0 3 84
19 20 55
1 6 76
2 4 23
4 7 27
2 4 16
11 13 40
2 7 71
22 2 75
11 13 52
11 13 7
22 3 28
11 14 49
17 19 92
19 21 68
18 20 71
22 2 64
15 18 93
8 11 19
17 22 41
1 2 79
22 4 69
19 23 32
17 20 40
11 14 26
2 5 44
0 2 33
22 2 90
6 9 95
6 9 39
22 2 78
20 23 23
9 9 70
11 14 7
5 8 97
1 3 97
9 12 52
17 19 70
3 7 59
5 8 1
3 7 37
11 15 48
22 1 92
3 5 53
22 2 4
4 7 48
4 8 34
8 12 30
23 2 57
10 12 22
9 12 56
3 8 79
10 14 94
21 2 51
10 13 26
13 15 20
13 15 48
23 4 41
6 11 5
17 20 20
4 7 17
10 12 87
21 0 81
22 2 78
5 7 46
22 2 28
14 16 92
0 3 85
23 2 36
10 12 57
7 10 81
16 18 15
15 18 80
14 18 57
20 22 89
0 3 55
18 22 90
13 16 50
22 1 50
21 0 22
8 11 26
6 10 65
14 18 95
23 2 48
21 0 6
17 20 30
1 3 41
10 14 4
12 15 79
8 13 55
11 13 80
21 1 34
1 4 91
16 19 71
12 14 25
21 1 33
20 0 29
0 3 38
22 2 86
2 7 88
6 9 25
2 6 54
7 11 45
19 23 38
18 19 76
12 16 42
19 23 61
4 6 96
4 7 4
12 17 82
6 9 75
12 12 95
22 1 74
5 8 5
19 23 10
6 9 6
10 13 15
16 20 52
21 0 61
8 11 78
1 5 79
12 15 84
10 13 99
5 6 16
23 3 67
4 6 69
9 14 32
0 3 70
1 4 3
15 20 60
3 8 63
5 7 37
5 8 11
22 1 13
3 5 51
0 4 52
21 0 75
10 13 67
11 14 66
12 15 29
14 17 80
15 19 59
23 3 60
5 9 48
5 9 13
13 15 38
2 6 10
11 14 92
2 5 83
15 17 38
0 3 89
3 6 76
0 2 72
16 18 96
8 14 21
15 19 56
11 14 73
0 2 39
22 0 28
22 1 48
2 6 8
18 21 65
0 2 35
11 13 3
5 8 74
13 16 21
15 18 67
12 13 12
9 11 21
21 1 8
13 17 77
7 9 9
5 7 48
18 22 99
14 16 23
15 17 33
6 9 60
22 2 28
12 15 28
0 2 41
1 2 88
19 21 15
7 11 26
14 15 51
13 17 82
0 3 28
4 7 11
1 3 9
20 22 61
19 1 79
14 16 84
18 19 41
4 8 94
21 0 86
9 11 86
21 1 86
7 11 9
1 4 59
12 15 67
9 12 33
17 19 67
19 22 89
18 20 89
3 6 23
5 8 98
13 16 48
2 4 50
1 4 14
19 22 71
18 20 9
6 10 41
10 13 7
21 0 63
3 5 16
13 16 19
7 10 44
5 9 84
16 20 52
11 14 88
19 23 21
20 23 79
15 16 31
23 2 71
19 23 28
19 22 32
1 4 100
21 22 30
13 16 19
20 1 86
8 13 61
2 5 26
13 15 14
17 19 23
23 3 12
13 15 98
22 2 32
7 9 18
3 7 97
11 13 46
15 17 9
20 22 85
20 1 69
16 19 38
18 22 95
9 13 68
0 3 85
16 19 66
3 6 37
1 5 28
9 11 15
13 16 46
22 23 64
19 22 2
18 22 94
21 0 68
3 8 45
0 4 62
10 14 6
4 8 7
11 13 80
7 9 75
8 12 62
6 12 31
22 1 17
16 19 44
7 11 40
6 10 10
16 19 98
1 4 100
0 3 61
8 12 77
19 21 67
20 22 45
20 22 16
12 16 62
10 13 92
21 23 75
21 1 22
1 4 44
4 8 76
3 5 95
18 21 49
3 6 16
17 19 17
21 0 92
4 6 66
17 20 55
16 21 87
7 7 22
23 2 66
22 2 80
1 4 98
11 14 11
16 19 79
6 10 21
10 15 4
8 11 59
10 13 49
7 10 85
7 10 1
15 18 57
19 21 61
9 12 4
12 15 69
11 14 49
11 15 15
21 0 4
12 15 45
1 4 72
8 11 78
15 20 16
0 4 57
2 3 90
23 0 21
20 23 67
6 8 48
14 16 47
14 16 16
13 15 66
22 1 89
10 14 80
19 23 35
3 7 64
2 4 49
19 22 9
7 11 24
18 23 63
16 19 59
12 15 59
2 5 18
8 10 31
0 4 96
9 12 3
2 5 74
15 18 68
21 0 92
18 23 23
22 0 26
5 10 4
23 2 89
18 21 43
17 21 40
21 23 19
15 20 31
10 13 49
18 21 33
18 22 79
13 17 81
3 7 31
8 13 14
13 16 18
14 18 44
22 2 95
16 20 40
3 8 31
13 18 50
8 12 6
1 3 38
3 6 32
19 21 33
11 16 99
12 15 10
22 2 5
7 10 30
10 14 63
16 17 65
2 5 87
13 16 9
22 3 96
4 9 59
13 16 71
9 13 10
16 18 1
17 20 91
7 9 76
3 7 39
22 0 54
13 16 63
18 22 38
12 15 85
13 13 35
22 1 44
1 3 34
20 23 75
3 6 30
22 1 9
20 23 93
5 8 3
4 6 70
7 11 87
20 0 48
18 22 39
23 2 29
5 7 99
4 8 92
5 10 93
18 21 3
19 22 51
19 21 17
9 12 47
4 8 65
12 15 20
17 20 97
9 13 86
14 17 66
5 6 21
6 9 95
14 18 57
16 17 7
22 2 15
7 9 4
7 10 89
20 23 36
10 12 30
17 20 7
6 10 60
3 7 77
18 21 63
14 19 6
5 8 29
8 13 74
3 5 18
21 2 7
5 8 75
8 11 61
20 0 70
13 17 62
5 8 95
23 0 80
1 2 43
6 7 8
17 21 4
14 17 26
1 5 60
1 3 23
21 23 89
5 8 49
17 19 2
1 3 82
3 7 32
14 17 95
19 22 88
0 4 32
3 7 8
14 18 42
18 21 22
23 2 52
11 13 4
19 22 72
10 16 81
1 3 49
12 16 63
6 9 88
11 14 64
4 7 58
0 3 54
4 8 99
3 6 35
9 12 44
4 8 51
20 22 50
7 12 20
13 16 25
3 7 6
20 21 49
21 21 40
7 10 57
0 2 33
16 18 48
14 16 70
14 16 45
10 11 42
14 17 76
15 19 32
10 13 15
11 14 91
13 14 79
22 0 68
0 3 56
21 0 47
0 3 33
17 20 39
20 21 54
23 4 29
18 21 18
7 9 59
12 15 39
10 13 11
10 13 76
19 23 10
22 1 82
9 12 61
18 20 1
8 12 42
18 21 18
2 6 46
11 15 53
18 21 11
3 7 6
8 12 74
1 4 30
1 6 60
6 10 25
0 4 35
18 22 73
21 1 62
6 9 7
4 6 56
11 14 32
4 8 92
7 10 97
19 1 93
15 17 33
18 20 79
4 9 27
10 13 23
20 0 51
10 14 96
7 11 68
11 13 16
7 11 68
7 11 1
5 7 16
9 12 19
14 17 68
10 13 30
17 21 2
12 15 6
8 12 100
2 4 27
5 7 82
2 5 67
0 4 26
14 17 63
4 7 10
19 21 16
19 23 57
2 5 6
23 2 33
14 15 43
23 2 42
18 20 92
14 18 54
5 7 42
13 16 56
6 9 43
22 0 64
0 3 5
1 5 43
9 12 43
1 3 79
20 23 57
4 7 63
7 9 93
14 18 31
2 4 75
4 7 83
11 16 8
14 16 6
3 8 91
21 1 14
6 12 37
18 21 25
23 2 76
23 1 89
16 19 61
0 1 41
13 15 37
15 19 25
0 4 39
19 22 4
16 19 80
1 6 67
6 9 65
21 23 88
1 4 73
23 3 16
11 14 45
7 10 70
8 10 74
6 9 94
7 10 83
18 22 80
1 4 85
6 8 81
14 16 55
14 16 22
12 13 35
23 2 44
18 18 81
9 14 68
1 4 84
11 14 12
10 13 7
21 0 7
18 21 68
11 18 55
13 17 54
14 15 81
2 5 10
20 0 21
3 5 76
22 2 49
8 9 77
0 3 29
22 0 40
22 2 86
22 2 13
16 20 49
3 6 19
18 20 25
10 14 13
16 21 53
20 22 57
15 17 58
14 16 20
12 17 95
16 22 92
1 4 24
6 10 93
16 17 45
21 23 90
2 6 70
11 15 12
20 23 23
9 13 98
9 13 95
1 5 24
17 20 77
8 12 14
23 2 44
15 20 61
22 2 75
7 11 40
6 9 28
8 10 2
15 18 47
21 1 15
3 7 99
20 0 72
19 22 29
6 10 59
9 10 99
23 2 86
9 11 11
4 7 38
9 13 22
14 17 70
5 6 49
7 10 51
3 8 18
17 21 46
18 21 36
23 3 64
14 16 18
17 21 58
5 9 1
15 18 74
16 18 48
16 19 63
4 7 95
4 8 8
22 2 1
12 16 2
15 18 59
1 2 77
13 17 3
3 6 60
23 2 78
19 23 75
0 1 91
11 13 47
23 1 52
1 4 91
4 8 38
15 18 80
22 1 24
19 23 39
11 12 100
8 11 49
16 18 15
1 5 29
4 7 31
19 0 85
14 17 98
18 22 68
2 4 73
6 9 57
7 9 76
6 10 6
7 8 61
19 21 60
0 3 54
7 10 48
7 9 4
15 18 32
13 16 88
10 14 3
5 7 92
16 17 10
7 11 36
7 10 59
4 6 61
13 15 87
4 8 47
11 14 94
17 20 30
9 13 73
18 22 3
5 7 23
3 6 12
9 10 78
6 8 78
23 2 85
9 12 14
13 16 10
3 7 92
13 16 73
6 7 19
4 7 52
3 5 21
21 1 80
16 19 51
4 6 83
23 2 69
21 23 57
22 1 78
13 16 51
13 17 81
13 15 13
6 10 40
17 19 98
10 14 30
14 15 16
1 2 15
3 7 31
13 18 100
10 13 39
21 23 48
0 3 23
6 9 65
13 16 94
4 4 25
6 9 71
12 15 73
11 14 99
20 0 25
0 2 67
21 1 23
17 21 47
23 1 38
11 14 84
9 13 53
15 18 35
2 5 84
15 18 49
2 6 16
17 19 24
22 1 81
2 5 85
12 16 72
21 23 53
22 23 31
7 11 14
7 9 39
22 2 75
7 10 5
21 23 13
5 7 40
20 0 78
14 17 37
17 21 96
15 18 93
22 0 49
8 13 47
17 18 12
6 8 44
17 19 97
20 1 70
11 13 1
20 23 9
8 11 38
14 17 37
9 13 81
0 3 8
16 18 13
21 23 29
22 1 12
8 11 89
22 1 81
20 0 50
9 13 95
9 12 52
3 6 74
12 16 69
9 12 100
8 9 54
6 9 4
0 4 13
10 14 15
12 15 15
19 21 8
2 3 4
7 11 12
9 11 55
7 8 75
16 18 85
11 12 59
16 19 41
15 16 33
22 1 95
9 12 37
13 15 72
12 16 69
8 12 36
2 5 97
6 9 48
13 18 18
15 18 15
6 7 19
12 15 11
8 11 83
20 22 3
13 17 62
19 21 58
2 4 5
18 21 9
10 12 82
19 20 88
23 3 72
18 21 69
23 1 18
7 10 12
2 5 34
8 11 98
13 15 79
5 8 19
18 20 65
22 1 90
9 13 3
20 22 17
23 1 51
4 7 40
16 19 18
21 2 63
3 5 31
17 20 19
20 0 71
22 3 90
8 11 43
4 9 62
23 2 52
20 0 89
6 10 83
21 1 64
20 23 18
22 3 65
0 3 29
14 18 27
14 18 39
6 10 97
17 20 63
20 23 10
6 9 10
22 2 14
22 1 18
12 15 60
18 19 11
13 14 70
18 21 44
2 5 92
8 11 28
21 0 25
8 10 50
11 13 32
9 12 35
9 12 74
21 1 57
10 15 35
18 20 22
22 0 48
2 6 78
8 11 8
13 16 49
10 13 12
15 16 94
16 17 10
11 15 7
23 3 85
22 0 67
7 10 96
7 10 19
12 16 3
17 19 49
4 7 90
5 9 28
2 4 62
7 10 36
13 16 76
5 8 21
23 3 88
7 11 55
23 2 65
5 10 93
3 5 32
19 22 98
7 10 63
7 8 71
3 5 40
8 10 70
21 23 73
20 22 100
14 17 18
17 20 35
23 3 44
17 20 58
19 22 59
22 0 8
6 10 13
22 0 46
20 23 14
17 21 41
8 11 39
11 12 63
4 7 60
9 12 48
13 16 52
10 12 66
4 8 83
10 14 11
14 16 29
13 19 62
11 14 36
10 13 66
2 7 73
20 0 35
8 10 2
15 18 31
10 13 55
0 2 48
12 13 72
3 6 23
12 15 76
6 9 19
18 20 88
11 13 90
6 8 14
3 4 31
23 3 70
22 1 41
2 6 97
5 8 26
7 10 10
0 4 1
15 19 41
1 5 60
13 16 5
2 4 20
9 12 20
22 0 74
13 16 89
6 9 13
11 15 45
4 6 3
23 1 4
20 0 44
10 14 59
2 5 99
0 3 36
19 20 91
6 7 53
22 2 92
12 16 67
21 1 57
20 0 71
20 23 68
21 1 50
7 8 73
14 16 79
10 15 63
20 22 38
15 20 95
17 19 63
7 9 77
2 6 81
20 0 67
2 4 14
14 17 54
15 19 71
4 8 5
14 17 42
1 5 43
14 15 23
2 5 66
22 0 31
14 18 93
18 21 65
5 9 16
5 9 51
18 21 94
15 18 43
7 10 90
14 15 96
10 14 93
10 13 5
21 0 54
12 15 46
3 6 38
20 0 45
2 4 70
17 19 14
0 4 7
2 5 70
22 1 22
7 12 46
16 18 61
3 7 99
19 23 2
16 19 55
16 17 44
19 22 63
9 11 100
6 7 89
10 14 60
20 1 1
0 3 40
2 6 63
17 21 4
13 14 72
4 9 7
22 1 3
15 19 84
21 23 35
0 4 38
23 1 68
0 3 10
0 2 33
4 8 42
10 13 85
8 11 94
23 2 80
22 0 1
21 21 81
11 15 14
22 23 14
14 17 83
4 8 75
15 20 39
9 12 66
23 2 46
6 9 26
7 9 36
16 19 46
2 5 76
16 19 74
12 14 29
16 18 80
20 23 41
15 19 99
11 13 77
9 12 72
7 10 91
2 4 78
14 16 50
5 7 54
11 13 74
18 21 59
8 11 93
18 20 85
1 4 23
2 6 79
14 19 89
23 2 14
12 14 87
10 13 4
12 16 51
12 16 66
16 19 80
11 15 77
19 22 94
15 17 82
20 0 79
3 4 39
2 6 46
17 19 27
15 18 62
1 4 38
11 15 53
21 1 62
19 20 78
22 1 38
6 9 74
5 6 25
2 4 21
2 5 58
20 22 90
21 0 33
0 2 9
11 14 70
15 17 22
17 19 5
19 22 3
6 9 2
18 21 10
22 1 9
19 22 19
18 20 74
4 6 79
5 9 92
12 16 81
3 7 83
9 12 94
22 1 63
7 9 92
17 21 50
12 15 6
9 11 95
23 3 33
3 5 84
22 2 92
11 14 2
23 3 70
4 8 73
17 19 100
12 15 10
14 15 21
22 1 78
20 22 61
18 20 84
15 18 77
15 18 57
9 13 1
12 17 31
18 20 49
15 18 57
22 2 22
21 0 5
2 5 79
17 21 98
9 13 28
23 3 52
13 16 79
23 2 29
8 11 14
17 20 4
16 19 91
0 4 41
21 0 70
10 13 76
17 20 93
6 10 34
1 3 28
8 12 99
19 22 38
15 18 45
23 2 1
19 21 57
7 9 47
13 16 79
0 3 95
1 3 56
4 8 59
9 10 87
1 4 97
0 4 57
3 5 50
21 23 14
0 3 50
5 8 91
8 12 83
21 23 13
6 8 95
21 0 59
10 12 50
16 19 65
6 10 81
20 0 61
10 13 52
22 0 69
11 15 4
16 20 7
12 15 98
9 12 81
6 10 100
20 1 39
20 21 50
5 10 41
1 2 57
21 1 43
16 19 54
22 1 75
19 20 9
2 4 83
9 13 61
20 22 4
9 14 53
4 8 7
9 12 3
11 15 100
14 16 63
9 12 15
10 13 88
16 18 35
10 12 100
9 12 38
19 22 83
17 18 91
21 0 41
18 23 43
16 20 50
6 10 98
23 0 41
19 0 36
17 20 94
22 2 70
6 10 92
7 12 24
4 8 35
6 8 37
0 5 64
6 8 23
10 12 3
8 12 95
2 5 58
9 13 35
4 8 63
14 17 19
3 4 28
16 17 65
6 9 39
22 2 67
4 6 22
2 6 74
19 0 16
14 17 46
0 3 56
15 18 11
22 1 72
21 1 92
13 16 55
23 1 62
11 12 45
4 8 24
5 8 96
13 17 4
9 12 58
18 20 27
6 9 44
14 17 34
1 4 18
5 8 36
7 10 97
21 23 70
7 10 27
5 10 48
0 4 1
23 1 17
13 18 68
1 5 41
21 1 50
23 3 20
0 4 57
7 9 62
8 10 26
10 14 8
11 13 42
8 11 60
2 8 88
19 21 44
14 16 8
9 12 100
15 19 32
17 22 90
13 15 88
17 21 85
20 22 79
3 6 58
19 22 37
4 6 52
2 5 61
11 13 10
14 18 73
1 4 8
15 18 17
3 6 34
18 21 63
7 11 33
16 21 64
6 10 35
19 21 13
6 7 49
18 20 75
18 20 61
0 1 55
10 12 46
2 6 56
0 2 58
10 14 43
20 0 72
21 0 75
2 4 86
12 15 58
3 7 69
14 16 1
22 0 6
14 17 45
12 12 87
7 10 71
21 0 35
12 16 47
19 22 86
14 17 11
21 23 90
19 22 28
22 1 83
16 18 72
23 2 83
11 14 41
9 14 3
16 19 78
2 4 51
0 3 20
16 20 76
15 18 17
0 1 64
8 11 84
1 6 25
7 10 36
3 8 9
20 21 80
1 3 55
5 9 15
8 10 49
9 12 100
4 6 75
23 1 16
10 13 1
14 16 38
8 12 66
18 21 76
12 15 47
1 2 50
19 22 46
0 2 89
10 12 17
23 2 23
4 8 14
6 9 69
14 18 60
2 5 46
5 8 94
2 7 95
2 5 78
16 21 52
10 13 55
4 7 55
4 7 46
18 21 69
0 4 28
13 16 33
23 3 6
9 12 56
20 23 62
9 11 24
2 6 76
20 23 26
22 1 68
5 8 5
11 13 41
18 21 36
2 3 42
1 3 6
5 8 54
5 6 57
11 14 85
9 12 6
1 2 25
2 6 95
11 14 39
7 10 43
13 17 68
9 11 9
3 7 23
12 14 79
22 1 61
1 4 93
22 3 73
7 11 95
17 20 63
12 16 36
19 22 65
2 5 79
15 19 82
6 9 53
14 17 67
2 4 49
10 13 18
2 5 88
12 15 66
19 22 29
12 15 26
14 18 96
21 0 2
7 10 74
11 14 72
16 19 61
2 3 1
18 23 38
3 6 56
3 6 14
3 6 22
1 5 44
1 5 47
2 5 91
11 13 10
6 10 41
4 9 59
16 20 62
9 12 34
7 11 91
10 11 8
20 0 93
6 10 97
20 1 38
9 12 44
15 18 28
14 17 54
19 0 88
7 12 84
15 17 80
13 16 23
8 10 47
7 11 87
18 21 9
22 2 83
23 2 23
19 23 7
11 15 43
17 21 45
12 15 77
23 0 61
7 8 46
16 20 44
15 19 66
19 22 2
8 9 6
8 10 90
5 9 68
21 0 98
18 20 75
19 23 40
20 0 83
12 15 82
20 22 72
23 1 77
17 21 8
17 21 25
8 10 50
21 0 44
10 12 53
17 22 1
7 13 85
12 15 9
5 8 70
7 11 48
4 7 31
22 3 87
16 20 27
20 22 84
5 7 89
9 13 51
21 1 45
5 7 63
1 4 31
20 2 86
16 19 97
22 1 18
13 14 20
19 20 14
14 16 8
21 23 22
4 9 75
1 4 76
11 14 31
2 5 98
22 2 41
12 13 86
0 1 94
14 16 62
16 19 11
10 14 71
9 11 67
7 10 97
18 21 68
4 9 40
2 7 95
5 7 57
17 21 44
10 12 41
11 14 69
19 23 52
14 19 92
14 19 72
4 6 28
8 12 42
13 17 14
10 14 54
0 2 30
22 1 71
16 19 97
14 19 9
0 1 4
12 16 62
14 16 69
10 13 74
21 1 91
19 21 57
0 4 15
22 0 32
15 17 56
19 22 73
23 2 8
7 9 10
9 14 71
2 5 7
6 9 14
21 1 62
20 23 31
5 6 24
11 14 51
11 15 59
7 12 2
13 16 93
12 15 58
11 15 65
12 16 89
14 15 65
2 4 62
2 4 82
4 6 73
18 20 67
0 3 99
19 23 81
11 16 61
1 5 87
11 16 43
13 16 99
23 1 21
14 15 36
6 10 44
16 17 34
12 15 10
3 8 19
0 3 63
12 15 41
1 4 17
12 14 81
12 16 3
4 7 13
5 8 34
19 20 40
4 8 29
7 9 93
1 5 55
8 10 98
16 17 2
20 23 91
2 7 35
11 15 14
0 4 38
16 20 36
8 11 89
16 18 85
13 18 83
0 3 85
19 22 88
4 8 68
9 11 98
21 0 63
18 21 13
17 19 6
19 21 49
19 22 10
1 4 15
13 15 94
12 14 3
19 21 81
14 16 76
1 6 32
16 19 93
18 21 96
17 19 66
21 0 10
7 9 43
16 19 74
13 15 61
22 23 37
23 2 38
22 0 75
4 6 23
3 6 76
2 5 31
15 19 3
11 14 17
18 19 21
5 7 80
17 21 81
12 17 60
8 11 89
7 10 22
14 18 28
13 17 81
18 21 47
9 12 76
22 1 32
9 12 32
16 21 82
2 5 73
12 16 33
13 16 12
8 11 20
17 19 64
17 21 28
8 11 43
9 13 89
20 21 49
2 5 98
13 17 51
8 12 30
21 0 82
16 19 7
8 10 17
19 22 50
10 13 65
12 16 31
17 18 57
2 3 36
6 9 79
18 20 100
1 4 6
5 7 83
7 9 41
17 20 85
0 3 20
14 16 6
13 16 20
6 9 66
7 12 75
9 13 67
23 1 27
14 19 97
15 18 41
15 16 19
20 23 54
21 23 51
12 15 72
12 15 41
12 15 40
5 8 47
4 7 63
0 4 19
3 6 66
20 23 84
0 3 29
5 9 11
11 13 96
20 0 21
15 16 4
10 14 11
2 3 57
9 12 19
10 12 53
21 23 53
19 21 75
19 21 29
5 8 100
6 8 13
7 11 91
3 6 26
5 7 16
2 5 13
14 17 40
22 0 91
22 2 78
8 9 50
11 14 60
6 9 85
2 4 61
19 22 14
11 13 33
22 1 41
18 21 82
5 8 14
1 2 55
4 8 99
19 22 51
2 3 97
12 14 18
0 3 68
23 4 94
19 23 77
20 23 56
18 21 7
0 2 16
19 23 25
6 7 47
21 0 11
23 0 36
0 3 64
15 19 21
7 9 18
13 16 11
6 9 81
14 17 12
9 11 76
22 1 31
7 12 27
11 11 20
6 9 93
8 12 73
4 6 63
2 4 21
5 8 5
0 3 17
7 11 62
18 20 65
23 2 55
21 23 69
14 16 89
2 3 62
15 19 98
15 19 85
1 3 30
2 6 92
1 5 23
16 19 25
21 0 91
2 6 36
3 6 71
1 4 5
8 12 49
0 4 49
18 21 9
18 20 42
2 6 9
19 21 40
14 17 98
3 7 3
22 1 14
14 17 73
14 18 67
16 20 4
10 12 8
19 0 15
22 0 50
12 14 100
12 13 83
17 21 90
23 1 19
17 21 11
20 1 83
9 12 80
20 21 78
5 9 44
13 16 14
15 17 66
3 6 99
4 7 88
7 9 42
18 22 65
8 10 95
3 5 50
14 16 19
9 11 10
10 13 36
12 15 95
2 7 6
20 22 30
11 14 65
6 9 75
12 15 50
5 7 42
23 2 51
7 10 21
14 16 81
2 4 45
23 0 92
14 17 36
12 15 52
1 3 76
10 15 10
16 18 93
7 12 65
2 6 65
22 2 10
21 0 31
3 5 60
12 14 47
13 15 16
9 12 94
12 16 22
9 13 52
17 21 10
0 3 99
20 23 39
0 2 97
11 16 21
13 16 75
20 0 19
21 0 83
0 3 84
19 21 49
7 10 36
10 12 30
3 6 36
5 7 66
11 13 26
17 20 63
1 4 41
18 20 78
13 17 25
12 16 69
9 13 36
0 5 41
3 5 89
4 9 35
14 17 41
2 4 52
17 21 33
9 14 6
8 12 73
13 16 61
8 11 42
16 19 50
14 18 48
23 4 81
3 7 83
19 23 98
12 16 44
10 14 13
9 14 33
9 11 63
16 19 13
3 7 16
4 6 91
6 10 89
13 16 26
13 15 86
4 6 64
3 7 39
12 16 45
1 5 88
2 3 59
18 21 34
10 13 24
23 3 90
23 2 9
6 9 11
21 1 48
9 12 36
19 0 53
12 17 83
16 20 24
23 5 3
10 14 86
16 18 26
10 14 46
13 16 41
17 20 58
1 4 1
3 6 16
6 10 3
1 6 20
0 3 14
13 16 13
20 23 24
1 4 17
11 15 28
22 0 47
23 2 8
14 17 85
5 8 73
17 19 90
11 14 59
8 11 65
9 13 10
3 7 92
5 8 73
12 14 79
10 14 97
22 0 72
8 12 13
8 11 4
9 12 3
14 17 66
18 22 82
12 14 55
6 9 97
5 6 58
10 14 21
6 8 32
7 11 17
2 4 34
22 23 70
16 20 83
17 21 20
2 3 8
21 0 94
18 21 61
20 23 96
4 7 53
4 8 46
21 2 100
10 12 30
1 3 41
23 1 18
4 8 10
12 17 73
8 11 1
21 0 58
21 0 80
5 10 16
15 20 99
17 20 64
22 2 53
15 17 76
11 13 95
2 4 89
6 8 41
12 15 64
21 1 100
13 17 83
6 8 12
4 5 53
11 14 77
5 8 78
16 18 3
19 22 77
20 1 13
9 14 31
16 19 19
10 14 30
6 9 21
13 16 30
22 0 19
1 3 36
0 4 26
12 13 3
14 17 6
19 0 85
5 7 48
19 21 98
9 12 89
19 23 72
12 15 46
7 8 20
18 21 5
14 18 80
12 13 56
12 12 27
15 17 50
7 10 22
5 7 97
5 8 100
20 0 79
4 7 48
10 14 42
14 18 58
11 15 70
14 17 26
23 2 70
14 17 23
7 8 55
20 20 61
18 21 48
17 21 76
16 19 41
7 9 43
15 17 94
20 23 86
9 12 35
1 4 91
1 3 30
13 17 25
12 14 96
1 4 92
18 23 41
21 1 93
14 17 100
0 2 100
7 9 76
15 18 64
16 19 44
23 2 78
11 15 6
18 21 10
20 22 9
13 17 27
4 6 8
2 5 65
0 4 56
0 3 56
5 7 3
16 18 95
12 15 79
21 23 63
23 1 83
11 13 11
21 23 50
19 0 5
17 21 66
22 0 28
9 12 22
21 23 23
2 6 77
18 20 99
23 4 8
16 18 16
14 18 16
10 13 9
12 16 88
21 23 67
12 14 77
7 10 74
3 7 91
0 3 73
18 20 76
0 2 18
16 18 55
6 10 9
4 6 14
1 4 24
6 9 73
15 18 47
13 15 81
1 4 71
14 17 57
19 23 28
23 3 39
7 9 91
13 16 46
15 17 19
19 22 91
23 2 34
8 12 91
5 8 95
2 4 21
9 12 1
10 11 48
4 7 51
20 22 13
13 15 80
16 20 6
9 14 78
4 6 69
2 5 61
13 15 9
19 21 69
0 3 65
0 3 66
8 11 42
21 1 50
7 11 14
18 19 46
23 2 85
20 23 51
0 4 20
2 6 65
3 5 52
11 14 60
1 3 40
20 23 76
17 21 79
7 11 64
0 4 91
12 15 3
10 15 37
8 10 88
4 7 35
16 19 14
3 6 84
17 20 30
6 10 40
13 13 28
8 11 30
5 8 93
15 17 74
4 6 97
2 4 49
3 6 10
4 7 79
3 7 57
17 20 45
19 22 84
13 16 64
11 14 97
9 12 52
1 5 99
9 11 72
9 12 25
20 1 93
19 23 40
7 9 5
8 12 64
8 13 2
9 14 45
18 22 18
10 15 98
8 13 67
17 20 94
22 2 65
13 16 63
16 18 88
17 20 7
14 18 72
23 2 55
13 15 36
18 20 52
5 8 17
6 9 61
13 14 69
7 9 85
4 5 74
22 0 15
5 9 56
1 5 69
10 11 53
10 14 97
6 10 28
3 8 11
14 16 22
13 16 46
3 7 33
23 1 49
20 21 81
4 9 51
16 19 78
20 23 83
15 19 2
0 0 34
5 8 56
6 9 54
12 14 8
2 4 25
9 11 68
20 21 97
12 15 31
17 21 52
21 0 88
6 10 30
16 18 35
0 1 85
7 11 29
19 20 61
2 6 5
3 7 11
18 19 9
0 4 28
13 16 23
1 3 46
7 9 74
12 17 55
16 20 35
21 22 12
11 15 4
16 19 96
19 23 85
13 17 67
3 6 47
5 8 31
1 6 20
16 17 5
4 8 27
6 10 4
10 15 64
20 22 50
0 4 12
1 4 40
20 23 57
5 8 95
19 21 77
1 5 60
4 8 100
16 20 10
4 8 45
19 22 82
12 14 53
14 16 96
9 12 46
5 7 51
8 11 36
14 18 29
17 19 71
8 11 26
15 18 100
20 0 3
9 11 85
11 14 23
16 19 91
5 8 8
11 14 98
12 14 85
13 15 88
13 16 59
9 12 29
22 2 8
3 7 86
5 9 40
5 8 13
19 1 41
18 22 35
4 6 48
3 6 55
1 5 83
4 7 51
21 1 66
6 8 10
12 14 84
10 12 24
10 13 82
4 7 75
6 10 86
16 21 41
8 11 10
0 3 39
21 1 77
10 12 25
19 22 53
2 5 27
6 7 95
12 16 40
13 15 18
13 15 1
1 3 65
20 22 6
13 14 11
22 1 16
13 16 64
19 23 55
8 11 58
11 13 7
20 23 55
20 23 47
0 3 82
1 4 15
21 23 20
19 20 9
11 14 69
18 20 43
9 10 67
8 11 21
19 0 92
6 9 11
4 7 86
14 19 1
23 2 60
0 2 58
12 16 72
23 2 8
5 9 16
21 1 32
10 13 8
9 13 64
17 20 81
20 0 3
22 0 78
0 2 81
2 4 66
3 6 16
13 16 41
8 10 2
6 10 35
0 3 64
3 5 24
20 21 3
17 20 36
5 9 33
9 13 13
20 22 17
14 17 46
2 5 37
9 12 4
12 14 40
16 18 88
2 8 68
18 22 85
22 1 32
3 7 66
14 19 7
20 23 3
4 7 99
21 1 89
2 5 94
6 10 42
5 7 9
6 9 59
15 16 9
11 14 59
14 17 43
8 11 77
0 2 59
16 18 68
5 9 9
2 7 69
7 10 93
9 13 36
0 3 28
8 11 75
12 15 67
23 1 75
1 4 52
15 18 11
22 3 64
3 6 7
12 13 100
15 17 97
3 7 55
17 18 88
8 8 26
8 11 74
18 21 17
21 23 30
21 1 56
18 22 34
6 7 66
2 6 32
3 5 80
23 2 91
18 18 63
9 12 23
4 6 29
12 14 87
0 3 2
9 12 25
14 18 39
8 10 69
10 13 18
14 17 16
5 8 59
2 5 9
22 1 35
0 2 89
13 15 50
11 14 15
14 18 41
12 15 65
19 21 88
8 12 14
7 10 68
20 0 95
3 5 29
3 6 83
11 13 57
22 0 98
2 3 67
3 6 60
7 8 90
15 17 73
3 6 78
4 8 92
13 17 87
2 4 13
22 0 6
5 8 68
13 14 4
7 9 50
8 10 16
10 13 99
4 6 74
20 0 4
10 11 96
20 23 51
6 9 44
18 21 56
6 10 46
20 22 57
9 9 77
2 5 1
6 9 55
7 10 15
22 1 56
16 19 95
20 0 31
3 5 5
11 13 83
23 3 75
21 23 90
0 3 69
7 10 83
22 0 99
21 23 14
3 5 11
21 1 95
20 0 45
17 22 55
1 3 93
16 18 69
2 6 13
2 7 69
3 6 94
12 15 6
0 2 13
2 6 55
2 4 15
12 17 76
4 8 92
3 5 43
12 16 46
6 10 40
21 2 95
5 6 64
12 14 37
8 11 88
3 5 92
10 13 64
12 14 45
17 22 89
14 19 91
17 19 86
21 0 21
5 9 8
18 21 14
16 17 1
0 3 91
4 9 68
15 18 45
16 19 42
11 13 88
19 21 9
2 5 71
21 22 65
19 21 85
0 4 11
19 23 39
9 10 67
16 21 83
13 16 36
18 22 3
13 17 22
23 2 46
21 22 13
6 6 49
17 20 91
21 0 99
17 20 65
19 22 46
14 17 3
1 6 27
7 10 11
7 9 88
19 1 65
22 0 7
11 14 72
15 16 99
9 11 10
19 23 31
1 5 51
10 15 64
23 3 42
19 0 58
2 5 80
8 12 25
6 7 39
8 11 36
3 7 32
6 9 72
14 18 39
12 14 33
9 12 82
16 18 81
14 18 53
14 16 20
12 17 58
3 4 31
19 22 98
22 0 24
3 5 21
16 20 38
18 21 23
17 19 79
16 18 19
12 15 45
1 4 65
19 23 98
11 14 100
17 20 99
7 9 55
8 12 50
20 23 42
17 17 5
6 8 83
17 19 59
23 2 85
17 21 96
17 21 73
18 21 24
9 15 59
1 3 68
11 14 26
10 12 18
19 22 17
19 22 94
10 14 17
15 18 21
16 20 50
7 11 62
18 22 8
9 10 49
23 1 41
8 12 52
2 6 94
21 23 31
1 4 73
19 23 5
22 0 46
3 6 46
23 2 94
19 22 88
9 11 65
7 11 59
12 13 6
20 23 98
20 23 88
5 8 67
1 6 79
5 9 100
8 13 65
2 5 58
11 13 65
21 1 15
15 18 5
19 21 9
22 0 4
17 19 48
18 19 73
3 6 26
21 1 32
17 20 66
21 23 66
1 4 49
17 20 17
23 3 34
19 20 61
15 16 60
10 15 54
15 18 35
21 1 52
14 17 95
21 0 71
16 18 70
9 12 56
2 5 7
20 0 72
23 2 83
14 15 39
1 5 1
3 4 70
14 19 71
19 22 63
15 17 82
17 20 27
11 16 33
15 18 39
16 20 16
9 13 3
23 3 98
9 12 24
20 23 53
0 5 63
14 19 75
21 0 91
10 12 75
22 2 70
5 6 50
19 21 57
10 13 98
21 23 8
23 3 42
13 14 45
9 13 35
9 12 18
20 23 75
23 1 85
1 4 15
3 7 56
6 9 77
4 7 79
17 20 58
4 8 51
9 12 19
0 5 79
5 6 16
0 3 11
5 8 98
2 5 47
2 5 18
20 0 19
19 22 82
11 13 35
7 9 28
3 7 16
2 5 83
22 1 62
9 13 18
23 3 44
21 23 28
0 3 7
1 4 6
4 8 8
19 22 54
12 16 22
11 13 80
23 2 35
8 11 23
4 7 67
22 23 44
11 12 79
13 15 62
15 17 30
14 17 29
13 15 90
15 18 43
14 19 61
16 18 18
6 8 94
20 23 64
7 11 80
9 11 98
16 17 25
3 6 49
16 20 11
20 23 75
11 14 78
12 14 29
6 8 65
9 12 54
20 22 36
22 1 65
1 4 9
10 12 3
22 3 45
15 17 12
9 12 48
9 13 34
6 9 84
17 21 34
5 7 76
0 2 100
11 14 52
14 17 60
22 1 83
9 11 26
0 3 80
22 0 87
1 3 39
20 0 5
23 3 66
4 6 92
10 14 11
7 10 90
20 0 75
14 19 17
10 12 75
19 20 33
1 4 18
1 2 38
1 5 88
18 21 22
23 1 67
19 23 39
3 7 67
0 3 52
3 6 8
2 4 86
16 18 7
13 16 99
20 21 95
6 8 66
0 5 63
12 16 35
10 13 8
1 5 27
8 12 23
19 20 31
4 9 19
7 9 62
21 23 91
21 1 64
23 2 10
14 17 54
5 8 45
7 9 60
18 23 36
6 11 50
6 9 81
9 11 62
10 13 69
14 17 33
2 5 57
15 19 49
3 8 16
18 22 93
9 14 70
15 18 62
15 19 79
20 23 43
14 18 88
9 13 64
2 5 87
15 16 88
23 1 21
2 4 14
1 2 72
11 15 37
5 7 79
18 22 12
7 11 33
10 13 92
18 21 28
23 2 18
16 18 47
15 19 20
3 4 77
2 6 15
15 17 94
14 17 29
16 19 46
7 10 6
17 20 88
22 1 36
14 16 3
17 19 1
18 18 24
19 21 63
15 17 18
13 18 19
4 8 60
15 17 52
3 6 47
14 18 95
23 4 95
19 21 87
4 7 20
20 22 98
13 17 79
10 12 11
2 6 99
18 22 97
23 2 19
19 22 38
12 16 25
5 8 47
5 6 59
5 8 86
3 3 92
22 1 59
17 20 91
6 10 56
5 9 27
5 8 92
3 7 81
9 13 75
1 3 82
9 12 70
17 22 72
4 6 3
10 13 37
8 11 1
15 17 67
21 0 92
10 13 57
7 10 25
7 12 29
21 0 92
15 19 9
3 7 68
14 16 25
22 0 36
13 15 38
20 23 54
7 10 8
5 8 40
14 19 24
9 13 27
2 6 77
17 22 36
5 6 53
8 10 8
21 23 83
9 13 26
9 12 82
17 20 23
6 8 32
8 9 63
4 7 32
7 10 32
17 19 39
16 17 88
22 0 6
7 9 53
13 16 68
14 18 40
17 20 65
8 10 27
0 4 2
18 20 79
3 5 11
16 20 86
22 1 40
23 3 35
13 15 94
23 2 37
6 9 65
14 16 61
14 18 41
1 6 33
2 6 100
20 23 71
1 6 41
18 19 65
2 6 7
8 10 40
15 18 80
8 12 97
9 11 29
5 9 10
22 1 89
5 8 66
13 16 35
23 3 41
3 6 67
10 14 29
23 1 13
12 18 79
9 13 77
7 10 74
22 0 38
5 8 1
10 13 84
8 11 46
11 12 44
11 15 15
11 14 35
9 14 14
20 0 20
23 3 94
12 13 76
7 8 21
18 21 55
1 5 20
9 13 90
17 19 59
10 14 33
0 4 11
23 2 24
8 11 71
13 17 29
6 9 8
7 11 41
5 8 70
7 10 3
12 16 32
2 2 30
6 7 47
1 3 12
14 17 65
5 7 6
18 19 64
4 6 17
17 19 22
9 10 89
18 22 61
16 19 11
14 16 23
22 0 82
3 7 53
23 1 36
18 19 28
5 8 100
17 20 97
2 5 18
3 8 62
2 5 22
14 18 38
3 6 31
3 4 99
16 19 40
22 1 49
17 20 95
15 18 57
17 21 35
16 19 94
7 9 65
23 2 91
23 1 40
11 14 13
19 22 29
20 22 53
16 17 62
22 1 95
14 17 52
9 13 55
3 6 24
21 2 21
0 3 18
3 7 6
7 10 9
15 18 63
11 15 19
5 8 4
18 20 17
3 6 56
18 21 13
20 0 41
15 19 44
16 18 60
19 22 41
15 19 27
9 14 50
17 20 89
16 20 21
23 1 36
3 8 48
22 0 99
10 13 77
14 17 78
3 5 68
1 3 12
0 4 27
9 12 62
10 13 68
19 21 74
10 12 78
16 19 84
17 18 82
16 19 82
11 12 47
11 15 89
3 6 41
16 18 34
19 22 4
22 0 18
6 8 17
1 5 55
17 20 29
23 1 54
8 12 73
6 9 74
16 21 57
11 14 6
0 3 39
5 8 97
2 7 98
17 20 91
23 1 85
9 12 79
11 14 94
12 15 95
22 0 91
14 17 93
6 9 13
21 1 6
5 7 86
14 17 73
10 13 88
7 10 93
0 2 73
17 18 26
1 4 36
4 7 15
17 20 45
18 19 98
6 10 40
20 23 54
12 16 91
9 11 58
17 19 42
16 20 54
11 14 97
11 13 12
8 12 24
3 7 69
5 9 43
4 7 68
23 3 34
12 13 63
3 6 78
16 19 44
20 22 98
0 2 57
1 6 64
6 10 86
3 6 69
15 19 38
22 4 79
3 4 64
7 11 46
16 19 59
21 0 41
17 20 31
18 19 79
9 12 36
0 3 100
10 14 34
21 0 69
23 2 82
8 10 13
23 2 63
17 19 75
7 11 82
23 1 39
15 16 51
3 7 31
6 10 47
6 9 41
3 5 41
5 9 81
2 5 75
7 10 36
8 12 58
16 17 11
8 11 31
6 9 76
23 1 88
7 10 17
13 17 30
15 21 53
12 15 24
16 20 51
14 18 25
3 5 79
12 15 97
0 3 83
23 1 82
6 9 99
13 17 100
8 12 23
16 18 19
19 23 18
21 23 16
22 1 9
23 2 61
17 20 2
3 6 33
1 5 65
15 19 93
1 5 47
15 17 14
13 19 19
0 4 39
11 13 51
4 7 94
20 1 56
7 11 92
22 3 10
2 5 73
1 5 46
1 4 4
13 16 63
0 4 64
12 16 82
14 16 97
4 8 41
8 12 36
12 15 1
20 1 67
2 5 79
4 8 43
14 18 10
13 17 89
13 15 92
6 9 15
5 9 10
3 6 98
9 11 8
3 6 59
3 5 85
13 15 31
0 4 57
20 23 34
14 18 13
2 4 1
17 21 88
15 19 35
17 22 72
4 7 45
23 4 79
12 13 96
14 17 35
16 19 78
4 7 89
11 11 15
18 20 81
23 0 18
0 2 70
7 9 88
7 11 41
3 8 97
17 21 4
15 19 40
4 7 62
7 10 10
6 9 22
4 7 46
9 11 1
10 16 69
7 10 36
11 12 38
20 0 50
10 13 62
17 21 79
16 20 92
20 22 82
19 22 1
4 8 70
11 13 4
18 21 17
22 0 97
16 19 34
10 13 59
23 3 95
21 1 78
7 9 21
20 23 63
0 3 22
22 1 61
21 0 17
10 14 9
9 13 53
20 0 5
18 21 69
4 7 31
21 1 83
15 19 85
16 19 51
2 4 35
0 3 68
19 21 13
5 8 69
13 15 18
14 16 23
3 7 44
21 0 16
15 18 85
23 2 68
10 13 44
15 18 35
11 14 39
14 18 16
15 17 13
2 4 1
2 6 41
19 0 63
13 16 14
23 2 68
18 0 54
15 18 13
16 20 64
18 22 2
14 16 97
7 12 92
13 16 83
19 22 33
5 10 95
23 3 51
1 2 86
23 1 51
15 20 92
2 4 3
1 3 14
10 13 99
18 23 50
13 16 29
2 5 13
7 12 27
3 6 34
13 15 27
5 7 50
7 12 5
4 8 36
0 2 34
12 16 83
4 7 34
5 7 73
19 22 34
6 10 70
7 10 3
8 12 74
0 3 56
3 5 74
16 19 78
12 15 42
7 10 5
14 17 89
13 16 7
22 2 81
11 14 99
23 4 46
14 16 8
16 18 13
21 1 71
3 6 62
5 8 62
15 18 100
11 14 3
21 2 94
16 20 72
8 10 5
10 11 76
9 13 4
16 19 57
14 17 42
21 1 88
20 0 2
1 4 1
20 1 49
23 4 54
0 2 81
0 4 85
18 22 97
3 8 4
9 12 97
21 1 78
23 2 97
6 9 83
13 16 79
2 4 25
14 18 58
14 18 34
8 10 68
1 3 4
1 3 27
17 20 54
9 14 28
19 22 49
21 1 64
6 9 98
0 3 90
5 8 25
22 1 7
10 12 52
12 15 91
4 6 30
3 7 12
0 3 23
22 0 41
19 21 83
16 18 43
9 13 72
11 14 69
15 20 100
9 13 31
17 19 3
20 23 83
7 8 2
10 13 18
14 17 37
16 19 16
3 7 87
13 18 24
23 3 65
9 13 76
18 23 55
17 20 54
13 17 63
13 16 98
16 19 27
6 9 8
0 3 93
1 5 75
15 17 79
21 1 87
22 3 71
16 20 24
13 14 65
1 4 48
0 0 31
6 9 68
23 2 73
9 13 83
0 3 17
18 21 84
7 10 52
16 19 53
16 20 71
0 3 95
0 4 45
15 19 70
9 12 90
18 22 64
8 9 81
3 4 57
6 8 89
18 22 27
20 23 26
22 0 6
6 9 71
23 4 86
0 3 65
23 0 49
21 1 29
9 12 47
5 8 74
21 23 43
0 4 62
16 19 89
23 1 93
13 14 13
18 21 79
16 20 43
0 5 38
17 21 73
7 10 70
9 11 45
11 16 78
3 6 78
2 4 45
2 6 17
23 3 16
10 14 2
20 23 99
16 18 100
23 2 5
18 21 49
13 17 60
15 17 23
22 0 36
11 15 9
8 11 78
22 2 26
11 13 99
9 11 91
14 17 36
5 8 74
4 7 96
16 20 22
21 0 35
20 23 42
16 20 34
10 12 71
14 18 29
20 23 33
13 17 14
4 8 27
19 23 6
1 4 48
23 3 92
13 15 97
4 6 41
9 13 49
1 5 84
15 19 53
15 20 3
7 10 38
22 1 85
8 11 35
19 22 17
11 15 12
14 16 12
0 4 7
9 11 28
3 5 45
10 13 17
4 7 59
15 20 49
20 23 96
23 2 89
20 0 68
5 7 85
0 5 96
13 17 25
18 20 42
17 19 12
5 9 55
7 12 9
9 13 76
21 1 89
0 4 55
7 10 56
16 18 25
0 6 58
22 1 85
11 13 51
4 6 87
21 3 32
2 5 76
13 16 80
0 3 3
16 19 68
7 8 93
23 0 35
1 3 85
18 20 85
17 21 34
12 15 50
4 8 60
15 18 85
1 4 95
21 0 87
0 3 93
22 1 20
2 3 18
6 10 62
23 1 95
2 3 77
19 23 83
7 11 62
14 16 21
18 22 93
12 16 38
20 0 76
15 18 29
3 6 21
14 16 61
23 2 44
1 5 91
21 2 39
18 21 39
13 17 34
17 20 34
22 1 51
18 20 17
17 19 83
11 13 1
4 8 94
2 5 41
13 17 33
5 10 87
22 2 58
22 1 58
19 23 13
15 17 46
21 0 27
22 1 96
16 19 92
1 4 49
4 9 19
6 10 24
9 11 53
16 19 42
8 11 29
19 22 66
19 21 90
6 9 8
3 7 82
5 9 54
9 11 21
22 1 73
18 23 58
9 13 90
10 14 35
5 7 41
20 0 50
20 23 63
22 0 66
20 22 29
17 20 16
19 23 15
3 7 39
15 17 74
22 0 33
19 21 86
7 10 35
14 17 37
3 7 11
12 15 64
4 6 50
11 14 2
6 10 74
8 9 29
13 17 23
5 9 56
18 20 11
3 8 97
23 3 11
7 9 18
4 7 71
18 21 65
12 15 83
1 5 48
16 20 9
4 7 51
13 15 5
16 20 73
18 20 91
6 9 26
0 4 37
22 2 41
9 12 55
8 9 32
2 8 60
1 2 82
7 10 42
16 20 34
2 5 82
12 14 70
18 21 3
6 10 22
14 15 33
6 10 39
3 7 61
2 5 24
5 9 10
10 12 71
16 19 81
6 7 4
5 9 21
19 22 63
4 5 54
14 17 62
5 9 92
18 20 93
18 21 64
18 19 88
3 5 85
5 8 84
19 22 5
7 10 92
0 3 96
15 18 66
21 22 33
5 9 66
14 17 39
23 2 61
0 3 81
10 12 74
18 20 36
23 3 84
15 17 67
10 13 33
4 8 52
4 7 56
15 16 75
0 2 10
13 16 96
23 2 19
17 20 85
1 4 80
18 22 64
1 3 99
2 6 5
19 21 2
16 20 22
6 10 50
7 9 61
10 13 88
13 17 69
10 13 95
15 17 1
2 4 42
11 12 51
17 19 3
11 13 97
9 11 21
19 22 84
12 17 41
11 13 96
4 7 82
12 17 98
12 14 56
16 18 15
3 5 89
7 11 49
7 11 77
20 0 72
4 8 23
23 2 53
23 1 64
11 12 57
21 22 70
21 2 63
6 9 23
16 18 14
17 21 23
3 6 99
6 10 48
8 11 91
12 14 40
0 4 31
14 17 53
13 15 5
16 19 62
3 6 93
3 6 93
8 12 60
4 5 51
19 22 57
7 10 69
4 6 33
11 14 15
19 23 62
18 21 28
1 3 99
7 10 36
19 21 89
1 3 11
4 8 21
9 12 30
11 14 95
21 23 32
21 2 91
0 4 47
1 3 11
14 16 93
4 8 50
3 7 84
21 22 68
15 17 25
18 22 53
14 17 27
18 22 7
8 13 23
23 1 44
1 4 16
16 17 3
21 0 78
6 11 55
15 18 45
0 2 94
4 7 42
2 4 53
20 23 59
21 0 64
18 21 81
13 16 84
2 4 57
9 11 83
17 20 33
15 18 71
1 5 20
6 6 65
22 23 21
16 19 47
14 18 82
6 12 55
18 20 88
4 7 59
3 5 24
0 2 50
3 7 81
21 0 60
9 12 87
22 23 44
11 14 100
8 11 71
2 4 7
16 20 84
19 23 82
20 1 59
6 8 84
7 9 64
11 15 16
22 2 91
12 15 35
19 20 63
8 11 70
16 21 79
20 23 82
19 20 82
15 19 96
15 18 6
23 2 3
13 18 88
13 16 28
7 10 78
6 8 55
21 23 57
15 18 95
2 5 46
12 14 12
19 22 47
3 5 82
23 3 27
0 3 33
20 23 23
5 7 35
0 5 29
2 6 80
18 21 35
2 4 11
4 5 1
6 7 1
23 1 39
2 6 16
10 13 91
1 4 56
4 8 2
3 6 66
11 12 66
20 0 23
5 9 96
11 14 45
20 21 48
22 0 1
17 17 89
22 0 65
17 19 16
7 9 39
22 1 24
2 4 96
16 20 53
10 11 4
0 3 20
19 22 86
22 0 5
20 23 36
16 20 62
12 16 93
13 17 44
7 12 50
5 8 61
14 14 25
21 22 41
7 10 28
22 1 94
12 13 39
14 16 43
18 20 33
14 16 53
13 16 46
10 14 60
8 13 87
18 20 39
6 9 43
6 10 4
9 12 32
2 4 38
20 23 3
20 0 36
21 23 55
3 6 26
13 17 94
11 13 89
9 12 97
20 23 1
17 19 21
22 0 93
13 16 13
16 19 63
4 6 30
2 4 93
20 23 29
0 2 21
0 4 95
23 4 67
17 19 55
9 11 55
4 6 90
18 21 42
12 14 70
5 8 79
13 18 53
23 3 65
22 1 29
16 19 51
5 10 91
23 1 54
3 4 11
9 12 81
16 19 17
7 10 19
5 6 26
21 23 4
17 20 78
2 5 87
1 6 90
9 13 1
2 4 22
13 17 78
13 16 54
2 5 99
11 13 52
18 21 38
8 12 56
7 10 15
21 1 64
14 19 26
21 0 34
16 21 21
10 13 26
5 9 18
15 19 93
13 15 10
20 23 13
13 16 54
13 17 92
16 18 74
13 16 34
7 8 54
22 2 33
20 23 99
5 8 29
14 16 18
20 0 54
1 4 22
9 12 10
3 6 62
9 12 96
1 5 56
0 2 59
22 2 47
2 4 76
9 14 18
8 10 93
14 18 39
17 21 77
19 23 17
23 1 1
14 17 68
10 14 51
3 6 90
7 9 45
20 23 56
13 17 55
11 14 30
5 8 88
18 22 11
2 4 28
7 9 52
17 20 79
20 23 16
9 14 9
3 5 55
7 11 99
5 8 27
23 0 20
16 18 79
8 11 40
0 3 48
16 20 6
21 0 22
5 7 12
15 18 13
6 7 67
20 23 98
1 5 80
9 12 2
9 13 17
6 9 92
14 17 73
1 5 52
23 1 69
11 14 45
4 6 79
0 2 19
10 14 81
13 18 4
14 17 68
17 20 9
12 13 96
23 1 55
13 15 100
19 21 44
12 17 100
16 19 40
20 22 29
12 15 60
9 13 12
16 20 11
17 21 16
20 22 14
20 23 9
15 17 77
23 2 24
19 22 97
1 3 82
6 9 91
8 12 46
16 20 79
16 21 39
21 1 100
13 15 58
8 12 83
3 6 37
11 15 84
13 16 45
23 0 32
6 11 19
8 11 62
11 14 27
16 18 79
23 2 38
15 19 28
1 4 52
18 22 47
10 13 68
10 15 87
12 16 45
4 6 27
9 10 97
18 20 34
19 21 96
18 21 84
22 2 66
12 15 100
19 21 7
3 6 52
4 5 74
16 18 54
11 15 80
20 0 41
19 22 34
20 22 31
19 22 56
12 17 25
9 10 55
9 12 68
5 8 31
16 16 21
14 17 14
2 5 2
2 6 22
14 15 96
14 17 55
12 15 68
23 2 56
0 3 11
19 21 17
4 8 60
13 15 12
21 0 26
1 5 27
6 10 65
19 0 80
14 16 72
7 10 61
18 21 34
21 1 19
17 21 4
7 10 1
4 7 80
21 22 88
0 3 20
5 9 47
11 15 23
0 0 17
18 20 80
2 3 55
15 19 83
5 9 84
9 13 61
1 2 48
5 8 71
4 7 25
20 21 55
7 10 36
3 8 41
11 12 63
11 14 73
0 2 32
23 2 34
15 18 21
15 19 4
7 9 37
23 3 29
19 22 63
5 6 86
23 3 90
13 15 94
17 19 87
15 18 78
21 0 21
14 16 64
11 16 30
6 10 24
19 21 18
23 3 72
22 1 79
22 0 63
21 23 20
23 0 57
21 0 82
19 0 51
15 17 35
5 7 58
8 12 74
1 4 41
0 3 5
18 22 49
13 15 26
6 9 87
3 6 2
10 12 6
19 23 55
16 19 41
3 5 7
4 8 36
0 2 33
10 13 66
22 1 4
13 16 49
16 19 31
2 4 35
11 14 45
0 4 67
10 11 62
23 2 97
13 16 69
23 4 20
12 15 45
21 2 49
9 11 24
20 22 40
6 10 97
22 3 73
5 7 87
10 12 4
17 20 24
11 15 70
14 17 17
9 9 66
5 7 66
0 2 28
23 2 25
1 5 63
14 18 56
14 15 66
21 1 6
8 10 42
8 11 59
16 21 90
9 13 95
22 0 28
15 17 46
17 21 3
9 10 66
4 7 29
8 12 94
15 16 20
1 4 6
7 9 95
12 15 34
19 21 69
14 16 4
11 13 66
4 8 38
3 6 61
19 22 27
16 18 87
17 20 17
5 8 46
13 15 53
9 11 100
22 0 14
0 5 4
5 9 72
13 16 91
15 18 85
6 10 49
14 16 73
22 1 91
23 2 32
22 0 9
21 1 2
4 6 46
12 15 22
20 0 55
7 10 66
11 13 79
3 7 32
9 10 13
1 2 54
20 23 78
18 22 99
20 0 87
11 16 29
8 11 40
19 21 73
6 9 100
19 20 39
2 5 45
11 13 58
23 2 14
19 23 11
11 14 15
14 18 98
20 23 37
2 6 62
3 7 61
8 10 82
1 4 49
1 2 34
3 5 71
16 19 43
11 16 92
8 11 29
2 3 36
7 10 22
13 16 81
20 23 27
11 14 85
3 7 28
14 17 73
23 3 13
5 8 68
22 3 43
7 9 6
9 13 9
2 4 38
8 11 4
5 9 70
19 21 92
17 20 5
10 12 88
2 4 41
20 0 32
11 15 68
22 2 28
8 12 7
23 3 62
22 3 27
4 6 14
7 10 47
22 2 21
0 2 47
10 12 77
7 9 62
21 0 76
12 13 59
11 14 77
9 12 85
17 22 70
18 20 17
3 7 30
21 1 29
21 22 85
7 10 32
9 11 12
13 16 22
11 15 70
7 10 8
0 3 59
10 14 88
19 20 3
12 16 49
15 18 60
17 19 84
1 4 29
10 13 20
19 21 92
16 21 98
15 18 11
19 22 61
9 13 43
0 4 23
13 14 16
15 18 65
3 5 55
1 4 96
14 17 41
17 22 87
8 10 80
7 11 33
2 6 64
16 19 76
4 7 70
20 22 11
11 13 82
0 3 69
4 7 48
18 21 94
22 2 2
21 1 12
14 18 86
19 21 50
1 4 75
1 3 17
5 8 45
21 0 50
13 17 52
0 2 6
7 10 41
23 2 48
11 14 93
7 10 15
9 11 21
7 11 2
11 13 96
9 14 96
15 17 96
20 22 28
15 18 96
12 14 89
20 22 58
18 19 65
23 1 3
18 0 82
10 13 16
4 6 96
18 20 90
23 1 61
17 20 75
13 16 39
1 4 66
12 14 82
4 8 11
13 15 39
15 18 96
2 4 34
8 13 33
12 14 3
22 1 97
18 21 82
12 15 79
1 3 8
9 12 6
4 7 60
3 7 36
15 20 47
7 9 7
1 3 4
10 12 82
7 9 84
15 17 36
10 11 64
17 20 43
3 7 90
18 20 95
11 15 7
10 13 71
7 10 18
21 0 58
7 12 4
13 17 2
19 23 54
13 16 48
17 20 89
18 22 66
5 7 25
2 4 91
22 2 22
22 2 68
7 9 33
8 10 77
10 14 94
7 10 89
21 0 66
13 16 86
18 23 26
17 18 21
23 1 54
23 1 63
19 23 50
2 5 20
2 6 91
19 22 56
16 19 75
13 15 15
18 20 30
22 2 83
19 21 87
2 5 98
19 0 24
5 8 70
21 0 43
2 4 27
23 3 50
1 3 42
23 0 86
7 9 51
18 22 20
0 4 45
19 22 82
1 3 28
13 15 72
0 3 85
12 14 88
11 15 12
4 6 48
5 8 50
11 13 57
7 11 30
20 23 52
21 2 1
7 10 49
9 10 71
13 17 50
3 6 2
3 8 15
16 21 26
16 20 70
14 17 54
7 8 54
8 10 41
5 9 78
21 0 82
0 2 46
18 20 80
14 17 76
17 19 82
10 12 6
15 19 12
21 23 4
14 16 38
0 3 44
4 8 15
16 18 80
21 1 97
3 7 78
2 5 53
5 8 98
22 1 35
17 22 27
9 12 87
7 11 6
12 15 7
15 17 30
9 10 46
12 15 78
7 10 78
23 2 48
8 10 25
12 15 54
18 20 38
22 1 61
2 6 97
8 11 3
23 3 61
6 8 78
4 7 72
6 9 51
0 3 76
2 4 62
13 16 66
13 15 45
7 10 29
5 9 40
23 2 91
16 19 24
1 3 3
8 9 24
11 13 58
5 9 29
17 21 45
0 3 69
12 17 12
12 12 54
11 14 3
19 23 4
1 4 59
13 18 11
4 6 45
8 12 40
4 8 19
22 1 20
11 13 47
15 18 7
1 4 30
22 2 89
17 23 27
19 22 92
22 23 77
12 12 73
7 10 48
5 10 90
0 3 45
2 5 81
20 0 7
4 8 41
20 23 35
1 5 40
7 10 15
7 9 3
10 15 30
18 21 12
5 8 58
22 1 52
10 12 46
2 6 3
22 0 36
0 3 79
13 15 7
4 7 13
16 19 55
10 13 53
23 2 86
7 11 96
4 7 8
7 11 49
4 8 40
5 8 28
21 1 58
14 18 43
23 3 47
5 8 79
17 20 51
23 1 1
14 16 68
13 17 65
6 8 45
3 7 77
19 21 31
16 18 24
6 9 64
23 1 61
19 22 10
9 13 29
12 15 15
9 14 19
9 10 6
7 12 9
7 10 65
7 12 76
5 9 82
5 7 3
22 2 3
0 2 56
5 8 1
9 12 77
6 9 52
4 9 72
14 17 27
4 8 59
12 17 72
13 18 33
17 21 28
22 2 58
21 23 37
12 14 78
0 3 33
1 5 43
6 9 90
10 12 93
6 9 24
8 11 18
8 10 83
16 19 3
3 5 65
15 18 100
21 1 74
5 7 70
3 7 7
23 2 42
22 0 16
5 8 95
8 8 100
3 6 58
4 7 46
22 2 89
1 6 73
2 4 16
8 10 61
2 5 55
20 23 2
6 10 54
17 19 83
2 6 5
8 10 46
14 18 18
3 8 40
12 15 65
10 14 34
16 18 87
21 0 55
3 6 20
14 17 73
23 2 11
20 22 4
2 7 47
17 22 72
2 6 75
7 10 10
23 2 48
13 15 19
13 18 10
5 9 66
21 23 40
14 17 59
21 23 94
12 15 4
23 0 48
15 19 60
2 5 82
20 0 77
20 22 2
15 17 82
21 1 96
4 6 10
13 13 20
22 1 77
10 12 5
4 7 86
7 11 39
0 3 4
8 11 61
11 14 80
10 14 56
7 11 22
21 22 7
19 21 49
12 16 72
18 19 25
7 10 4
15 19 80
5 10 11
21 1 93
7 11 31
7 9 54
14 16 16
15 20 16
1 4 16
7 10 47
2 5 70
2 8 45
18 22 24
1 3 47
18 20 51
4 10 4
12 14 66
18 21 38
9 10 71
12 14 11
9 11 77
10 13 35
7 9 34
23 0 22
12 14 5
5 9 14
21 0 80
18 22 13
18 22 14
6 10 75
21 0 63
6 9 72
7 10 46
14 17 59
17 19 12
20 0 33
12 15 25
13 17 81
10 12 23
19 22 100
1 4 96
15 18 75
8 12 7
18 21 65
13 16 54
19 22 16
14 19 94
18 20 2
2 5 2
19 21 76
6 7 74
1 4 58
1 3 44
22 2 84
5 8 70
19 23 22
8 12 85
12 13 75
20 0 68
10 15 71
13 16 31
2 4 40
15 18 35
7 11 22
4 6 96
21 1 31
2 6 4
20 23 61
1 4 65
18 20 48
20 0 71
22 1 9
16 19 5
11 15 69
7 10 67
4 8 75
21 0 91
7 9 12
16 19 63
21 22 88
19 22 25
11 15 26
11 15 5
5 8 9
1 4 22
12 17 59
23 3 91
18 22 13
15 20 81
15 17 27
23 3 52
22 3 93
4 8 48
8 12 89
18 0 49
9 11 30
22 1 20
5 8 27
18 21 85
12 14 3
11 16 32
1 4 25
21 0 25
11 16 45
7 8 65
6 8 80
23 3 24
11 15 96
7 10 62
7 9 66
1 6 62
13 16 71
8 11 60
19 22 18
5 7 61
20 23 96
1 4 25
14 17 93
5 8 80
6 7 72
4 6 82
13 15 19
7 8 84
18 23 79
10 11 38
13 16 91
11 14 91
1 2 39
12 15 28
3 5 91
22 1 13
10 14 52
8 12 82
14 18 85
5 8 10
8 11 4
0 3 82
13 15 22
23 1 67
11 14 34
17 19 100
3 5 63
11 13 76
18 21 17
13 16 35
19 22 88
3 7 79
2 7 8
13 17 63
21 0 96
1 4 68
7 11 94
3 7 11
4 8 20
5 8 79
16 19 18
10 12 91
17 18 65
10 12 5
6 8 22
11 14 77
21 1 44
13 16 84
9 13 90
16 19 52
11 13 44
0 3 66
22 23 30
15 17 91
20 23 10
1 4 48
14 19 74
19 22 78
15 18 15
16 20 74
10 14 52
21 1 4
17 20 33
12 12 33
18 20 4
7 11 90
1 4 55
14 15 97
3 4 4
13 15 11
17 18 84
15 18 51
4 8 68
0 3 91
18 21 72
0 4 34
2 4 54
13 16 6
14 18 14
17 22 38
5 8 32
0 5 32
16 17 15
11 15 30
11 14 26
23 3 69
14 16 76
4 6 6
18 21 82
1 3 24
6 9 65
16 19 98
2 4 23
12 16 63
12 15 30
11 15 86
0 3 11
20 23 23
23 1 28
11 14 23
5 7 71
12 15 93
18 20 21
4 6 43
11 14 72
0 3 28
14 18 47
17 20 11
23 2 17
13 18 53
7 10 41
7 11 66
14 17 74
19 21 73
7 10 1
17 19 52
13 17 24
14 17 59
17 21 48
12 16 78
6 9 20
13 15 55
7 10 6
21 1 11
15 18 18
4 7 17
7 10 39
0 3 23
0 3 94
21 23 95
5 7 9
14 17 77
14 18 56
23 1 58
15 17 64
16 18 3
7 10 19
6 9 12
3 6 9
21 1 20
21 0 90
19 23 33
15 17 88
20 23 86
13 16 50
9 13 44
16 21 47
0 4 51
17 18 53
10 13 15
4 8 85
