1000 100
40 98 97 1 94 43 35 68 100 16 76 52 52 19 2 61 29 94 23 81 79 30 6 32 30 33 87 71 93 6 67 18 26 9 96 7 80 32 71 77 68 90 27 44 11 15 31 4 55 92 82 50 50 42 8 7 1 23 70 61 87 43 66 74 74 66 79 16 59 5 40 28 20 56 61 28 15 15 22 98 87 5 56 8 53 34 32 95 72 8 30 72 83 23 16 78 66 33 12 1 
8 10 91
12 15 97
10 14 96
15 18 96
18 21 7
8 10 73
18 21 34
15 17 100
19 22 85
6 10 41
19 22 19
21 0 48
20 1 17
17 20 62
3 4 18
23 3 54
12 14 15
7 10 95
23 3 75
9 12 50
19 0 1
21 1 87
2 5 96
3 5 70
7 9 56
21 1 87
21 0 79
6 9 62
0 1 11
2 5 3
6 10 54
3 5 14
23 3 63
13 17 28
22 1 51
16 20 79
18 21 45
11 12 77
22 0 17
17 20 1
14 16 76
12 14 90
3 6 62
5 8 50
12 16 8
3 4 53
23 3 79
22 0 84
11 15 83
3 7 16
20 21 54
6 9 83
22 1 22
12 14 51
10 13 4
11 14 30
5 8 17
19 21 33
14 17 15
21 22 41
6 10 13
10 13 87
10 13 43
5 8 52
9 12 70
22 1 44
1 3 44
16 16 53
5 10 54
9 13 82
17 21 37
14 17 55
10 13 60
20 22 35
18 22 14
20 0 90
21 0 97
23 2 87
20 2 5
13 16 38
2 7 20
12 16 32
1 3 63
20 23 68
0 5 14
11 15 76
9 13 3
4 7 25
5 10 8
6 10 9
5 7 20
5 6 9
16 21 50
19 23 37
1 6 56
10 14 10
20 22 58
19 22 59
1 2 70
11 15 18
1 5 9
11 14 26
1 5 73
3 7 46
16 19 58
0 3 100
6 10 45
10 14 61
10 14 50
23 4 89
20 23 5
15 18 58
8 9 89
10 13 90
11 13 52
22 0 88
14 16 21
4 8 90
9 11 6
19 23 97
22 0 12
7 13 1
10 12 27
1 4 70
1 5 87
20 21 3
18 21 69
2 5 74
7 11 4
11 15 39
9 11 83
21 1 55
20 23 96
11 15 44
19 23 68
20 22 63
5 9 84
16 19 51
18 20 47
8 12 34
18 23 18
15 18 95
18 21 21
6 8 88
14 17 6
9 11 41
0 2 60
21 2 31
17 20 8
19 22 36
5 10 83
5 9 80
15 18 50
4 6 74
18 20 32
13 16 37
13 14 26
19 20 54
1 3 89
6 8 51
12 15 87
3 5 26
9 11 86
13 15 86
14 17 40
11 15 87
8 11 9
6 9 44
19 22 68
11 13 80
14 17 41
21 1 97
16 19 34
6 9 7
11 13 51
9 12 18
9 12 70
8 11 64
9 10 74
13 17 35
14 19 26
6 10 33
21 23 18
2 4 12
1 5 9
19 22 93
12 14 36
1 4 1
16 20 25
7 9 41
22 2 95
2 5 23
15 19 89
2 7 50
23 2 21
15 18 85
3 6 68
18 22 63
1 3 96
17 21 67
10 13 99
13 16 43
15 18 82
5 8 36
7 9 35
8 11 98
10 11 57
20 23 85
1 6 17
12 16 25
12 15 28
1 5 35
0 3 47
4 7 76
22 0 24
18 21 75
8 10 31
15 19 42
5 7 57
3 6 37
13 15 56
3 5 43
0 3 64
19 22 59
5 9 25
21 0 81
3 6 9
17 21 37
5 9 7
22 2 8
5 7 6
4 8 80
11 13 22
2 5 53
6 9 17
17 20 65
19 23 20
18 21 44
17 20 95
14 18 53
0 2 59
17 21 40
11 15 29
12 14 24
2 5 81
21 0 16
10 13 85
1 3 99
14 16 46
21 0 75
9 13 25
1 3 7
15 17 13
7 12 40
3 4 6
10 14 3
8 12 58
4 6 66
3 7 36
18 22 93
12 15 9
8 10 41
20 23 50
15 18 52
5 8 100
9 11 3
12 13 60
16 20 44
19 22 5
22 1 44
0 4 48
20 0 46
16 19 3
21 0 16
7 11 34
11 14 49
6 9 81
0 2 84
3 7 100
1 3 53
15 17 99
21 1 7
14 17 89
19 21 66
11 14 44
8 12 83
11 15 46
18 22 2
15 18 75
19 22 34
9 10 96
7 11 59
22 1 20
10 13 6
20 1 54
17 20 97
17 21 37
2 4 18
0 2 46
18 20 76
4 6 86
17 22 92
10 13 88
18 19 87
7 9 45
9 12 59
9 12 9
6 10 76
4 7 19
2 4 86
18 22 1
2 5 27
5 11 50
22 2 68
2 5 28
18 22 52
8 10 59
3 7 81
8 9 3
13 15 61
15 18 18
3 6 100
17 20 63
19 23 83
11 16 2
1 5 72
22 1 63
16 18 62
1 4 38
3 6 100
18 0 78
19 21 24
11 16 34
15 18 17
13 16 43
20 22 14
17 20 98
21 1 62
9 11 96
0 3 29
7 9 52
2 6 73
12 15 85
15 17 95
0 1 62
15 17 84
2 5 43
12 16 47
17 20 34
3 4 45
17 18 35
4 7 76
5 8 89
21 0 91
8 11 42
7 10 60
21 1 13
16 16 87
4 6 98
22 22 37
17 21 28
11 14 67
12 15 48
6 8 74
9 12 6
18 22 32
1 4 38
1 3 99
13 14 81
10 12 56
21 23 77
10 13 5
5 7 18
8 11 78
2 7 32
20 23 73
18 20 61
11 13 55
19 22 9
6 8 36
6 10 17
22 0 62
14 16 22
1 3 96
17 19 4
3 7 61
23 3 39
7 8 26
2 4 46
2 4 59
18 21 100
4 7 47
21 1 86
16 19 46
4 7 93
14 18 35
8 11 52
2 7 40
11 14 84
16 18 7
9 11 72
1 3 13
9 12 60
3 5 98
18 21 42
14 18 35
12 16 73
10 13 47
0 4 9
14 16 6
10 13 77
22 1 41
7 9 11
21 1 94
11 12 73
18 22 47
15 18 86
13 17 9
23 2 71
16 20 4
12 16 87
0 4 32
5 8 61
10 11 12
8 9 96
12 14 28
14 17 6
5 8 77
15 18 10
19 21 96
8 13 58
11 15 47
2 4 73
6 10 27
4 5 34
17 20 19
6 8 6
19 23 1
4 7 57
9 12 1
17 20 57
15 18 73
10 13 72
8 13 34
22 2 37
6 8 39
4 8 4
0 3 60
7 10 24
2 5 52
2 5 47
16 19 16
19 22 70
5 9 64
1 5 73
1 4 55
8 12 77
21 1 39
23 2 26
10 14 86
7 10 1
15 19 64
9 16 89
10 14 82
0 3 23
21 23 90
21 23 12
17 20 1
3 5 23
11 13 31
1 4 92
17 18 67
7 10 45
0 1 20
23 3 94
12 14 56
7 10 90
9 11 24
19 23 69
15 18 58
21 23 24
22 1 50
15 19 6
0 3 36
0 2 49
9 12 74
11 14 22
15 20 16
9 11 44
19 21 34
10 13 78
23 0 24
19 21 59
18 21 51
10 13 55
17 19 55
13 15 73
16 19 35
19 22 93
20 1 96
13 17 34
17 19 48
21 1 36
22 0 76
8 10 98
10 14 49
14 17 74
12 16 75
22 1 28
18 22 77
11 14 38
7 10 41
22 1 15
13 16 2
3 6 75
9 14 64
4 7 48
14 18 4
17 19 10
23 3 31
16 18 54
0 2 12
20 23 28
7 10 18
20 22 89
18 20 73
3 6 88
9 12 55
13 15 70
21 23 92
7 10 43
23 1 73
18 22 53
7 11 13
20 23 14
4 7 57
14 17 3
11 14 44
23 1 5
14 17 11
23 0 39
22 23 71
12 14 78
11 13 86
14 16 35
21 23 25
10 12 56
2 5 51
20 22 43
16 19 44
1 4 70
8 10 33
8 11 46
6 8 74
15 19 27
17 19 67
8 11 57
15 18 71
13 17 12
15 19 81
20 21 56
12 14 98
19 21 39
20 23 27
22 2 5
14 18 13
15 19 65
1 5 41
5 7 34
2 6 22
5 7 90
15 19 59
18 20 25
22 1 36
4 7 59
5 9 43
2 5 49
7 11 24
23 3 4
19 22 86
4 5 52
23 2 50
4 8 22
18 22 56
4 6 85
22 2 23
12 14 47
7 11 43
11 14 31
9 13 23
3 9 54
14 16 31
3 6 97
12 14 5
5 8 30
2 5 39
1 4 57
13 16 9
14 17 34
11 13 32
9 10 44
10 13 92
9 11 77
11 14 37
7 9 31
13 17 91
18 23 88
20 0 40
5 8 45
23 1 62
7 10 79
15 17 26
15 19 8
16 17 23
18 21 73
4 7 61
9 12 12
13 13 17
11 14 36
5 9 72
13 17 25
5 10 55
13 17 99
2 8 72
5 8 37
17 20 33
1 5 58
14 15 36
7 11 43
1 5 20
14 16 69
8 11 43
8 13 10
16 19 88
12 15 15
15 17 100
11 13 89
13 15 71
17 21 4
18 20 59
0 4 58
15 18 25
20 23 38
17 20 66
16 19 38
22 2 14
5 7 14
11 13 33
13 17 29
1 5 97
6 9 86
4 6 2
12 14 24
7 10 5
13 16 41
1 5 1
11 13 61
21 0 43
3 7 29
12 14 80
12 16 72
0 3 43
13 16 24
17 21 99
15 18 5
11 14 63
11 15 72
0 2 37
15 18 70
1 5 10
9 13 48
18 20 25
2 5 16
18 21 3
1 4 12
6 9 79
5 9 96
3 8 33
13 17 99
8 10 67
20 23 58
1 2 74
14 16 81
21 23 14
8 11 33
0 3 91
17 21 34
12 14 82
9 15 44
17 19 35
13 18 52
3 8 87
15 19 26
20 22 30
12 14 74
23 1 16
0 5 86
13 16 49
0 3 5
22 0 3
9 13 83
22 1 8
20 22 27
4 8 99
4 7 60
3 6 24
9 11 99
11 13 64
17 20 34
1 5 63
0 3 5
20 0 83
5 9 98
22 0 32
17 20 8
0 3 69
12 15 88
22 2 77
13 16 14
13 17 56
18 21 63
23 2 100
8 11 10
11 12 63
21 0 49
19 21 95
3 7 43
8 10 99
5 9 100
21 23 92
3 7 92
20 22 67
23 3 98
2 5 92
10 15 66
7 9 49
19 22 82
10 14 14
20 21 14
1 4 59
23 1 20
16 19 30
18 20 2
8 10 62
5 9 68
7 8 33
15 18 70
6 10 81
19 22 47
12 15 35
17 19 47
3 6 92
0 3 88
7 12 16
5 10 2
9 14 31
11 12 18
1 5 1
2 6 33
9 12 11
19 23 32
3 5 3
1 3 4
16 19 69
7 10 35
1 5 32
4 7 56
8 10 56
20 23 45
6 8 69
5 10 25
3 5 15
14 18 35
22 1 28
16 20 46
21 0 56
16 18 41
16 20 13
7 11 72
10 12 93
8 10 61
0 2 18
5 9 61
12 15 63
6 9 72
7 10 29
11 13 10
2 7 96
8 10 76
20 21 87
19 21 22
4 6 20
14 18 8
19 20 44
10 14 11
7 10 24
3 5 75
12 16 11
13 16 7
7 10 77
7 10 67
20 22 49
6 8 99
0 3 98
19 23 92
4 7 26
21 0 12
14 16 53
11 13 80
13 15 39
16 21 60
17 19 72
20 22 42
1 4 4
6 8 99
11 14 2
17 20 65
3 6 94
16 20 19
14 16 64
15 17 54
23 3 16
3 6 8
1 5 100
5 8 89
18 22 2
15 18 52
9 12 13
14 16 100
4 5 94
3 5 96
12 16 60
23 2 87
22 1 1
19 23 55
7 10 83
6 9 92
2 4 11
5 8 74
9 12 88
22 2 73
23 3 80
23 1 93
7 11 82
3 5 6
7 12 6
21 0 74
9 13 31
6 7 18
5 8 20
17 21 67
23 4 49
19 23 71
12 14 100
10 12 18
1 6 82
16 19 80
15 19 41
5 8 21
6 7 49
21 0 12
8 10 13
1 4 78
11 13 89
18 20 68
8 10 92
0 2 80
1 3 36
22 1 57
12 14 18
8 11 16
3 6 81
8 12 88
23 1 10
2 4 60
14 16 88
7 12 9
11 13 82
15 19 47
23 4 7
0 3 39
5 6 68
0 0 53
7 11 80
8 11 39
21 1 34
5 7 56
9 11 8
3 6 43
17 19 11
17 23 55
7 10 96
12 16 18
6 8 86
6 11 64
12 16 58
4 9 88
5 7 25
2 5 53
14 17 77
16 20 36
10 14 32
19 21 28
20 2 100
11 15 20
13 16 96
1 5 74
8 10 42
9 12 53
9 11 72
22 2 11
22 1 44
23 3 1
20 23 76
15 17 63
15 18 67
21 23 42
19 22 53
16 19 12
4 6 50
11 12 86
14 18 84
15 17 49
19 21 3
11 14 61
18 21 42
14 18 32
2 6 81
12 14 40
1 4 9
5 7 14
11 14 69
11 14 34
1 3 41
6 9 70
9 12 60
23 1 36
5 8 78
11 15 90
6 8 98
6 11 23
13 17 34
17 19 36
6 9 7
11 13 80
19 22 64
4 6 86
16 19 68
14 17 66
19 20 8
1 4 13
16 18 11
13 15 26
8 12 89
20 22 50
0 3 74
23 3 97
7 9 55
12 15 84
2 6 51
16 20 7
20 23 63
20 0 27
5 9 22
6 8 54
1 3 29
1 5 24
1 6 57
4 7 17
21 23 91
20 0 99
18 21 62
13 16 63
11 15 100
15 18 45
5 8 67
17 19 94
19 22 14
7 9 57
18 20 43
23 3 49
15 19 70
16 20 91
0 2 89
17 20 2
15 17 17
19 23 10
7 10 19
6 10 74
18 21 56
12 15 58
19 23 24
2 4 2
18 21 67
22 1 61
5 7 37
16 18 78
1 3 41
0 4 41
11 13 59
