10000 30
30 23 14 9 20 27 13 6 2 28 7 11 11 8 15 2 20 5 8 30 8 3 10 18 8 25 20 12 1 16 
4 7 18
10 14 7
19 22 12
2 5 24
17 20 27
14 17 7
15 19 1
20 0 21
8 8 5
8 10 1
18 21 22
4 6 14
4 8 25
21 0 11
16 19 14
20 0 10
13 14 1
18 22 11
17 21 24
23 3 17
18 21 3
1 3 11
21 0 5
11 13 27
14 15 13
12 16 6
10 12 9
16 21 9
9 13 28
21 0 23
15 18 22
9 12 12
2 6 10
12 17 12
18 22 3
3 6 2
8 10 1
22 1 8
19 23 16
0 3 16
13 16 2
17 18 19
7 11 12
2 4 20
20 22 4
2 6 5
4 9 23
14 16 14
5 8 26
11 14 17
7 9 1
12 15 30
2 4 7
5 7 10
8 12 20
22 1 26
5 8 4
5 7 22
2 5 20
23 1 12
2 6 12
18 20 2
2 6 3
0 3 30
0 3 25
12 16 19
7 10 5
22 1 30
0 4 3
6 9 24
17 20 30
3 7 14
3 4 20
10 12 7
4 8 5
22 2 24
8 12 22
6 9 18
23 3 1
16 17 30
10 14 27
3 6 2
18 22 1
6 10 2
5 6 11
11 14 18
22 1 9
23 3 23
0 3 26
22 0 2
18 22 21
18 20 3
6 8 29
2 5 16
11 12 17
16 21 25
11 14 22
11 14 11
17 20 14
15 18 28
22 22 3
3 5 26
1 4 10
7 9 7
23 3 25
9 11 4
16 19 12
15 18 4
22 0 6
2 6 19
11 14 8
20 21 2
8 10 15
21 23 13
3 6 7
13 16 15
18 20 3
13 15 17
22 0 13
10 13 9
1 4 19
9 14 28
9 13 3
5 8 21
17 19 25
16 18 16
7 9 20
6 10 17
9 12 29
0 3 14
14 18 19
13 16 16
15 18 1
18 21 16
10 13 16
2 6 19
20 0 25
11 13 21
21 0 15
18 21 12
7 11 24
2 7 17
22 1 6
9 10 16
4 4 2
2 7 16
0 2 15
3 6 9
7 9 21
10 11 8
1 4 10
21 0 21
4 9 12
18 21 5
5 8 25
12 14 29
15 18 9
17 21 21
15 18 5
23 1 30
10 12 9
6 10 14
6 8 28
4 8 24
17 20 3
12 14 22
10 13 14
11 15 29
17 20 28
10 13 13
14 17 3
21 0 25
14 17 29
15 19 10
14 16 28
20 23 20
20 23 2
22 2 4
1 4 7
5 10 12
1 5 28
10 12 5
0 3 28
8 13 15
7 9 6
23 1 22
18 21 9
7 9 3
12 15 2
15 20 24
23 3 14
2 3 11
22 1 13
19 0 21
4 9 11
13 18 11
7 10 8
13 18 26
0 3 20
11 15 2
23 2 27
1 4 30
4 7 1
0 4 7
18 21 23
5 9 30
9 13 2
7 8 28
21 0 8
13 16 4
21 23 1
4 7 19
8 11 15
1 5 12
7 9 7
19 21 19
19 23 10
7 11 1
13 17 8
10 13 28
22 2 22
3 5 30
8 12 29
11 15 13
5 9 1
1 5 28
11 13 20
13 13 12
13 17 17
9 12 26
23 3 22
15 17 26
2 4 19
9 12 28
5 7 5
11 14 30
12 16 3
17 19 28
23 3 22
22 1 27
11 15 30
18 21 2
21 0 24
21 1 26
5 7 6
20 0 25
5 9 21
3 6 26
10 14 7
20 22 1
14 17 8
2 7 3
6 8 14
9 12 18
5 8 21
19 23 1
13 17 23
16 18 6
0 2 1
17 20 4
1 4 23
22 0 19
11 15 20
10 12 17
10 14 19
1 4 20
5 8 22
13 16 26
11 13 18
21 1 23
5 9 6
22 23 22
11 14 13
15 19 25
13 16 20
2 6 18
20 0 13
1 4 5
0 2 16
7 10 16
5 8 12
3 6 18
16 17 24
13 17 12
20 22 28
21 23 16
17 20 18
12 14 3
2 5 29
6 10 7
18 20 10
19 22 9
22 1 26
0 2 26
8 13 27
19 20 7
19 21 3
22 1 10
0 3 1
0 3 16
23 3 17
11 13 8
21 0 27
1 5 7
6 8 7
10 15 4
18 20 27
8 12 28
9 9 26
0 3 28
16 19 5
0 3 29
0 2 17
11 13 9
3 6 25
0 1 4
8 11 10
9 12 23
1 2 27
0 4 27
2 5 20
7 9 8
18 20 10
11 14 27
1 3 20
12 16 28
11 14 4
15 18 27
11 14 5
14 17 30
18 20 25
18 22 24
18 20 2
11 12 2
6 7 3
1 4 11
18 20 22
8 10 24
17 22 14
5 8 20
15 18 24
20 22 30
16 18 20
12 16 25
7 9 12
6 7 5
18 20 9
7 11 9
13 17 28
22 1 2
18 20 27
6 9 30
1 5 8
0 3 17
20 22 9
13 17 17
10 14 6
8 12 3
13 16 4
6 10 7
3 7 4
9 13 15
7 11 11
0 3 25
8 10 24
2 4 10
0 3 21
1 3 14
5 8 19
8 10 1
14 17 29
0 3 5
16 20 5
1 5 5
10 13 12
9 11 10
18 21 4
22 1 29
2 7 11
0 4 18
22 0 3
8 12 16
7 10 17
21 1 28
13 15 9
10 14 22
6 9 30
3 6 5
9 13 13
0 3 25
3 6 23
2 5 19
7 11 22
1 5 6
20 0 6
4 7 24
21 1 19
14 16 8
10 14 4
10 14 11
8 12 23
8 10 8
13 16 11
4 6 2
5 8 27
21 0 23
17 19 12
17 19 17
15 18 19
15 19 16
18 22 15
13 16 4
6 8 17
3 5 13
4 8 26
6 10 25
10 12 27
9 12 10
1 4 21
10 13 11
0 3 26
13 17 5
9 11 10
5 8 2
23 2 1
11 13 5
11 14 5
4 6 1
16 19 9
7 10 27
12 14 8
16 20 3
15 18 23
3 7 9
10 14 27
20 0 26
7 11 2
7 9 15
9 12 22
15 16 7
22 1 2
8 12 20
4 9 25
21 1 7
23 2 25
2 5 23
11 15 29
22 1 11
7 12 16
13 15 13
0 2 14
15 17 24
6 11 7
17 19 28
1 4 16
10 13 4
19 23 20
16 21 25
21 0 28
2 6 15
9 12 21
16 19 24
13 14 3
1 3 2
5 7 20
18 21 9
16 19 19
22 1 19
9 10 26
6 11 8
7 11 22
1 3 23
10 12 22
2 3 6
14 17 29
12 17 30
17 20 19
15 18 10
0 5 5
15 20 8
17 20 6
6 10 3
6 10 3
1 4 17
12 13 21
6 10 12
21 0 28
19 0 16
8 10 3
5 8 20
18 21 24
11 15 2
8 11 20
0 3 20
6 10 11
7 10 14
3 8 8
13 16 1
11 13 5
22 1 12
11 15 12
12 16 27
20 21 22
8 13 14
7 10 5
23 2 29
12 15 13
11 16 5
4 7 26
14 16 24
0 3 21
17 20 19
21 1 30
12 15 14
12 14 17
7 11 23
5 8 1
21 21 14
2 5 27
20 23 12
14 17 14
9 12 3
19 0 22
17 21 23
0 1 10
17 20 19
2 5 26
7 10 18
6 8 16
23 2 30
10 12 29
8 13 23
5 7 28
22 1 1
1 3 9
4 6 27
20 1 17
4 5 26
5 9 18
14 18 21
1 4 15
6 11 11
21 3 20
21 22 20
22 23 7
13 17 1
9 12 1
14 18 4
10 13 11
22 1 10
13 17 23
7 9 18
2 3 13
7 9 26
12 15 2
18 21 20
1 4 17
15 19 28
17 20 19
10 12 2
15 17 18
21 1 23
15 19 20
14 17 23
14 18 14
3 7 27
0 3 24
16 19 13
23 3 29
1 2 2
10 13 26
7 9 28
20 0 24
9 13 9
3 5 15
11 15 13
13 15 1
0 5 30
22 2 3
21 23 30
22 22 24
0 3 13
19 22 30
1 2 29
3 4 3
8 10 18
22 2 30
9 10 8
0 3 29
20 22 17
10 13 17
3 4 28
22 1 18
19 22 27
7 11 5
18 22 22
12 14 27
11 14 5
12 14 1
4 8 14
12 18 18
20 22 9
15 18 7
14 16 28
9 12 16
22 2 3
22 1 30
18 19 2
12 17 27
14 16 30
3 6 14
12 16 27
4 7 16
7 9 26
1 4 18
17 20 15
3 5 30
2 5 18
12 14 4
18 22 10
1 5 2
19 23 11
17 21 11
22 0 11
12 15 14
2 6 16
14 17 1
18 18 27
5 7 9
23 3 25
17 19 17
13 17 8
20 0 20
7 10 15
2 3 27
22 0 26
16 19 17
21 1 16
23 1 15
8 13 26
5 7 30
3 6 24
6 9 17
22 3 29
12 15 4
14 17 4
9 12 25
2 4 1
9 12 5
23 2 22
16 19 24
8 12 14
10 12 13
1 6 23
21 0 21
19 22 5
1 3 2
3 7 26
12 16 30
17 18 5
1 3 12
0 2 26
8 11 24
17 19 20
4 5 8
10 13 12
3 6 7
1 4 23
1 6 13
17 20 13
9 11 9
7 10 21
9 12 18
8 11 19
19 22 7
14 16 11
7 10 7
22 3 1
19 22 27
18 23 29
5 8 29
9 13 4
6 10 29
13 18 5
2 6 16
9 10 5
6 10 24
16 19 6
7 9 28
18 20 2
6 10 28
9 11 27
7 10 20
8 10 28
6 9 27
18 22 11
17 20 28
10 13 25
6 9 13
11 15 9
22 3 16
2 3 2
1 4 8
22 1 20
7 10 1
19 23 2
20 0 16
17 21 5
1 4 30
16 18 25
12 14 17
16 21 23
1 4 9
11 14 17
14 16 14
2 3 20
21 2 21
5 8 1
16 19 18
23 2 15
18 21 30
16 19 30
4 7 21
0 3 9
5 7 20
6 9 5
11 14 20
3 5 12
2 5 24
9 12 25
23 1 5
14 16 3
5 8 15
8 12 17
17 22 5
20 1 2
19 23 18
13 18 21
18 23 30
11 14 7
22 1 25
3 6 21
5 8 1
4 7 22
8 10 28
0 5 4
5 6 18
9 13 15
13 14 1
17 22 7
4 6 20
14 18 1
7 9 11
18 21 9
0 1 2
10 13 27
3 8 21
5 9 13
19 20 19
1 4 10
6 9 8
14 16 21
20 0 25
9 11 22
2 5 22
8 11 22
21 0 12
10 13 13
13 16 18
0 4 17
8 10 1
17 19 21
9 13 25
11 15 30
21 0 8
16 20 13
11 13 14
23 1 15
9 12 9
0 4 7
14 17 27
11 14 15
4 7 13
3 5 5
17 19 20
7 8 6
0 4 11
10 13 7
23 3 12
14 17 30
2 5 19
6 8 16
8 12 2
8 9 17
18 21 30
19 20 4
7 8 28
13 16 9
5 9 26
16 17 17
1 2 23
7 10 6
15 18 8
22 1 5
22 1 1
17 20 27
13 16 26
17 21 22
18 20 10
8 10 6
6 7 24
16 17 2
0 3 17
12 15 26
22 1 5
17 18 15
11 13 5
20 23 1
12 15 20
15 19 2
10 15 7
20 22 13
0 3 16
15 17 1
2 4 27
15 17 21
7 8 10
22 3 28
12 16 15
7 10 25
21 0 27
3 5 15
1 3 7
23 2 8
6 8 4
21 0 16
12 15 27
14 16 3
7 11 9
23 4 22
14 17 14
10 15 8
9 14 7
19 21 27
3 5 5
0 2 14
12 14 18
19 22 27
4 7 17
3 7 4
3 6 26
18 21 8
2 6 8
4 7 16
10 13 5
2 3 29
19 21 23
6 8 3
5 8 17
4 7 9
22 2 19
7 10 20
22 2 6
2 6 30
20 23 17
11 13 17
12 15 5
6 9 6
2 5 4
7 11 23
15 17 2
10 11 11
2 3 7
1 6 4
14 17 6
4 6 16
14 18 1
9 12 21
23 3 10
8 11 25
19 22 12
18 20 12
18 20 11
16 17 19
22 0 28
16 18 17
5 7 7
19 23 8
6 10 24
4 7 11
4 7 19
23 1 5
19 21 7
23 2 21
12 14 25
19 21 30
2 5 20
12 16 22
12 15 19
1 4 29
9 11 4
12 15 26
9 13 17
10 13 8
8 11 5
22 3 9
20 23 5
19 22 4
18 21 7
19 21 14
2 6 19
6 10 28
18 21 30
2 5 6
12 14 29
7 9 16
21 0 9
11 13 3
20 1 12
3 8 17
9 13 17
0 3 15
7 9 8
13 15 25
5 8 12
4 9 18
11 15 29
23 3 24
23 3 14
19 22 10
3 6 15
12 15 16
1 6 28
14 18 17
6 10 12
14 17 23
21 22 24
19 22 26
14 18 24
16 20 11
20 22 2
7 9 4
6 10 23
6 9 7
17 22 25
14 18 20
12 17 11
5 7 3
6 9 14
12 15 19
2 5 6
7 11 13
22 2 30
0 3 24
23 3 10
17 20 26
3 6 17
3 6 5
4 8 23
23 1 13
23 2 6
11 14 5
2 6 23
5 8 5
11 14 21
17 21 18
13 17 5
17 20 4
3 4 12
15 18 24
9 11 29
6 8 13
7 9 19
19 22 16
18 20 7
6 9 21
17 20 23
1 3 15
16 19 4
2 6 27
10 14 21
13 15 7
18 20 18
18 23 18
13 15 29
0 4 20
2 4 29
13 16 29
12 15 2
10 14 12
21 1 28
22 1 4
13 17 15
13 17 5
13 15 12
19 20 12
7 11 15
11 14 11
23 1 19
6 9 28
22 0 30
12 14 2
11 16 6
12 17 23
5 9 5
11 15 29
14 19 1
9 10 12
2 6 4
1 3 7
7 11 26
5 8 3
12 15 3
11 15 13
10 13 18
2 4 14
10 12 14
20 23 10
15 18 1
10 13 3
9 13 29
20 0 12
21 23 16
6 9 19
21 2 2
17 19 8
10 13 17
10 13 17
19 23 18
6 9 4
7 11 2
6 9 27
7 11 27
12 15 1
13 16 27
14 16 19
5 8 15
8 12 5
9 10 12
10 13 29
2 6 12
10 16 1
14 17 5
1 5 24
6 8 30
5 9 5
2 5 23
21 0 23
15 17 26
8 11 19
17 20 5
1 2 14
19 23 9
15 16 21
13 15 17
21 0 4
12 13 21
6 11 15
20 23 25
6 9 11
5 8 1
9 14 21
21 1 7
7 11 5
0 1 20
23 1 6
9 11 7
5 9 5
7 10 16
4 8 13
15 18 27
5 9 5
19 23 15
17 21 25
15 19 24
14 18 5
0 4 6
8 11 5
15 21 21
14 19 21
1 3 28
17 21 10
16 18 22
2 6 30
9 12 9
1 4 16
17 17 15
21 2 18
8 13 4
20 23 12
14 17 28
9 12 9
14 18 23
12 14 1
13 16 23
5 9 7
14 18 9
5 10 9
1 3 4
15 16 30
21 23 18
1 4 2
14 17 23
21 0 5
21 23 26
6 10 10
16 19 15
5 9 28
23 3 13
12 14 27
14 17 27
10 12 30
14 17 3
2 4 13
12 15 19
20 0 10
0 2 28
4 6 1
5 10 13
2 5 24
16 19 14
7 9 17
5 7 16
8 13 10
21 23 21
18 21 22
12 14 10
18 22 7
22 3 17
8 10 29
7 12 26
14 16 28
22 1 14
4 7 18
2 5 26
0 3 24
21 1 22
22 1 18
6 8 27
19 23 11
12 14 2
15 16 23
17 21 25
21 0 19
14 19 18
12 18 19
10 14 3
16 20 11
23 2 30
14 15 30
8 11 11
14 14 28
16 19 9
16 19 2
18 21 3
5 8 21
17 19 29
15 18 7
1 3 15
12 15 11
0 2 26
2 4 7
6 8 1
20 22 7
1 1 13
4 7 28
23 2 15
23 2 18
11 15 19
6 9 22
5 9 9
3 4 8
1 4 17
15 17 13
9 12 11
14 17 5
2 6 20
8 11 13
5 9 18
5 8 11
1 4 13
10 14 12
17 22 28
21 22 4
5 10 10
5 8 18
0 3 1
0 4 16
6 10 12
10 14 16
9 11 19
1 2 29
10 14 2
22 1 18
17 20 5
23 4 10
9 13 20
12 15 25
11 13 10
15 20 28
3 6 2
13 16 11
17 20 5
9 13 15
6 9 21
11 14 21
21 23 19
18 20 17
5 8 21
15 18 20
16 19 30
9 13 12
3 6 25
16 19 5
2 6 25
15 17 2
18 21 13
17 20 12
0 4 17
21 0 16
20 23 27
8 12 9
23 1 17
6 10 15
13 16 10
14 18 9
8 12 20
9 11 2
14 16 5
22 3 4
19 22 13
22 1 8
20 22 21
15 17 26
0 3 16
20 1 16
0 3 15
18 22 3
17 18 1
10 12 25
8 12 28
19 0 9
3 5 17
13 16 8
21 1 20
14 17 1
1 6 10
7 12 14
6 9 18
21 3 14
0 4 20
16 20 26
9 12 14
19 22 16
1 4 10
16 20 8
6 9 6
20 23 6
12 16 16
3 5 7
15 17 18
20 21 13
12 15 27
6 7 11
0 1 16
5 8 9
2 6 1
7 8 7
23 0 8
22 1 4
19 21 4
16 18 7
0 3 20
19 23 2
15 18 22
20 22 3
12 15 9
13 16 2
11 15 27
12 14 14
19 23 26
6 9 14
2 6 6
0 1 8
8 12 13
13 16 7
12 16 2
18 22 13
23 1 30
19 23 18
18 20 28
23 2 24
2 6 29
3 7 28
22 0 24
20 23 9
14 18 22
22 1 28
22 0 23
2 7 27
20 0 28
9 13 16
7 9 15
15 19 29
6 9 2
10 14 19
5 8 23
1 2 15
3 5 27
19 22 6
4 7 18
1 4 18
9 14 16
5 8 26
16 22 1
16 20 10
5 9 15
13 16 29
20 23 3
17 21 6
15 18 2
0 2 10
1 4 23
11 15 24
15 18 27
13 15 20
16 19 20
11 15 7
22 1 16
20 0 15
2 5 19
7 11 9
0 3 7
10 15 15
3 7 2
23 2 9
21 22 19
23 2 19
9 12 21
7 8 13
22 23 16
22 0 17
18 20 18
23 0 28
7 11 12
19 23 25
12 15 9
23 2 15
2 3 21
23 4 7
12 16 21
13 17 9
19 22 20
3 6 21
16 20 20
4 8 21
4 8 4
10 15 13
1 2 6
13 17 15
4 5 9
11 15 24
19 23 26
12 17 13
12 15 11
18 20 16
13 15 28
21 1 4
11 14 20
8 12 2
22 0 9
18 21 11
5 6 26
2 4 17
4 7 22
6 10 3
14 18 4
18 20 25
8 10 20
0 2 27
14 17 1
19 22 24
12 16 23
7 11 28
0 2 13
5 8 5
23 3 24
14 17 26
12 16 5
3 5 30
22 0 12
17 20 28
3 5 24
10 12 11
4 7 27
15 18 22
21 0 11
21 0 4
5 8 4
10 12 1
21 22 7
8 10 20
20 0 8
5 7 14
6 9 21
3 6 11
19 22 6
3 5 14
1 4 10
2 3 28
22 2 25
1 3 29
10 15 22
23 2 3
10 12 5
22 0 1
1 5 25
1 3 7
22 1 9
18 21 6
0 3 15
11 15 15
21 0 10
23 1 20
13 15 2
15 17 16
6 8 27
23 1 27
1 6 8
11 14 17
5 7 9
17 20 21
16 19 24
3 7 10
22 1 2
4 5 16
18 20 14
22 3 18
21 23 13
0 3 30
12 13 23
16 19 13
10 11 5
5 7 25
19 22 8
10 12 16
11 14 8
22 1 21
9 12 18
4 5 7
2 5 20
7 12 29
19 21 20
21 23 28
17 18 26
11 14 16
19 22 25
15 20 28
10 14 29
2 3 24
17 22 28
21 0 13
15 18 26
9 12 11
19 22 20
22 1 7
3 7 29
4 8 13
8 12 7
22 3 9
3 6 28
5 8 19
19 22 11
18 21 22
9 11 14
22 1 21
21 0 21
11 13 7
8 11 24
16 19 14
17 20 2
8 12 15
4 8 9
21 0 14
7 8 13
13 17 24
9 13 20
16 19 13
21 0 17
2 6 18
5 8 5
13 16 8
20 23 29
19 23 21
15 17 16
12 14 8
20 22 22
14 16 2
1 3 22
11 12 20
2 5 13
10 14 23
6 11 15
11 15 23
2 8 14
21 23 10
2 4 13
20 23 17
19 0 22
17 20 1
18 21 30
3 6 28
20 22 17
0 3 29
6 9 23
6 10 25
8 12 13
4 8 25
13 16 19
5 8 25
22 1 11
15 18 13
21 1 22
3 6 25
13 16 7
21 1 22
15 19 27
14 18 17
6 10 6
21 1 24
17 19 30
11 15 23
5 6 7
9 13 8
5 8 3
6 8 24
22 0 8
13 17 8
21 1 4
15 17 4
22 0 9
4 7 20
3 8 19
21 1 6
6 7 20
0 2 16
8 10 10
18 20 30
3 5 26
16 20 19
3 5 13
10 12 11
13 15 3
6 10 24
17 22 8
10 13 13
14 16 12
18 23 22
9 11 29
16 17 22
10 12 29
7 11 4
11 16 13
9 11 8
20 22 23
10 12 21
3 5 11
5 10 12
23 0 11
23 2 15
23 2 14
9 11 24
4 7 21
6 9 16
13 16 11
16 20 4
17 19 13
13 16 26
18 22 2
21 0 17
2 5 1
11 15 2
23 3 27
21 0 17
6 8 18
6 9 12
10 14 12
10 12 16
19 22 30
0 2 30
1 4 27
1 3 28
22 1 18
4 6 30
6 9 27
1 6 14
21 0 22
19 0 19
7 10 28
22 0 22
3 5 8
12 15 3
4 6 2
11 15 28
5 8 4
5 8 2
8 11 1
3 5 27
22 1 21
22 0 4
17 21 12
8 11 3
11 15 15
22 0 12
14 16 29
11 14 15
2 6 26
16 18 13
5 8 24
0 2 30
19 22 30
22 1 17
23 2 3
16 19 24
8 12 6
17 20 21
9 11 10
12 15 20
17 19 15
15 16 20
23 1 8
13 15 30
1 4 27
5 8 15
15 17 23
0 2 18
13 15 3
3 7 16
12 15 8
15 18 21
7 9 17
2 6 24
2 5 4
19 21 4
19 21 8
11 13 7
11 15 29
17 19 26
11 14 11
10 13 21
1 5 6
8 12 18
5 8 2
23 2 8
20 22 29
16 20 10
21 23 17
14 18 30
2 5 13
12 15 27
6 7 5
5 8 10
15 19 25
7 10 2
1 4 2
12 14 24
22 1 12
17 19 19
15 19 25
17 21 16
11 17 18
5 9 16
7 12 1
20 23 2
0 4 10
22 2 16
3 7 28
17 19 1
16 20 23
21 0 9
11 15 18
6 7 20
18 21 18
16 18 14
22 2 1
21 0 5
0 3 21
12 15 5
0 3 24
7 12 13
17 22 1
5 7 23
15 19 4
7 10 13
13 15 22
7 12 30
6 10 21
22 1 1
17 20 6
18 21 5
22 1 7
5 7 11
4 7 6
2 6 24
21 0 20
15 17 24
10 14 7
12 16 25
18 22 10
1 3 30
17 21 18
23 3 2
4 8 11
5 9 11
18 20 2
12 15 4
12 15 21
19 22 17
12 15 15
12 14 30
22 1 24
13 16 28
23 2 20
17 21 11
17 20 7
11 14 23
12 15 8
11 12 12
15 17 22
19 21 19
0 4 2
8 10 6
19 23 17
23 3 8
0 2 7
0 2 10
3 8 17
14 16 10
8 12 19
1 4 12
23 3 16
4 8 10
6 8 29
0 5 24
14 17 7
23 4 10
19 0 12
18 21 19
11 14 16
4 8 30
0 3 30
21 0 6
17 22 4
16 19 9
20 22 3
8 12 14
19 23 9
20 0 13
4 7 1
8 11 20
20 22 5
2 7 9
21 0 2
19 0 20
2 5 11
7 10 4
0 3 2
8 11 8
16 21 7
4 6 8
15 18 15
6 11 15
4 7 18
9 13 22
2 5 6
21 0 25
15 16 6
22 3 10
18 21 18
12 15 7
6 10 27
6 9 4
13 18 30
20 22 30
11 15 2
17 20 30
12 14 15
12 15 9
17 19 20
9 12 18
14 17 29
4 8 27
4 7 29
16 19 14
3 5 10
6 9 5
15 17 2
11 15 2
14 17 28
12 13 1
23 2 27
10 12 27
15 19 23
8 11 4
3 8 16
18 21 5
10 13 6
12 15 10
19 22 15
5 8 20
19 20 2
19 21 25
5 9 9
18 21 16
16 20 18
13 16 9
20 23 29
15 18 4
23 4 13
4 6 13
0 3 30
5 9 17
21 0 2
5 8 20
10 12 19
4 4 23
14 15 25
14 16 30
14 17 27
5 7 28
16 18 26
8 11 14
15 18 8
0 4 27
2 6 1
8 10 15
2 7 11
16 19 10
22 1 16
7 10 23
7 9 2
0 1 19
6 9 25
14 15 15
2 5 12
19 19 14
12 15 28
8 11 2
9 13 2
12 15 3
6 8 19
10 14 23
19 22 17
16 21 12
3 6 6
4 7 6
22 1 28
12 15 2
23 2 26
10 12 4
2 4 22
9 13 15
2 2 10
9 11 13
9 12 13
6 9 12
19 22 28
20 0 18
4 8 6
1 3 10
0 4 1
2 6 23
8 10 14
5 8 24
4 7 21
13 18 30
11 13 26
17 21 6
0 3 24
12 14 1
7 10 5
10 12 30
4 8 5
20 22 4
4 7 19
11 14 17
6 9 22
1 5 1
8 11 11
20 22 8
6 8 17
18 21 14
9 12 17
2 5 22
7 9 10
21 0 3
20 23 15
22 1 15
2 5 29
9 11 27
17 20 18
4 9 22
11 15 5
23 1 7
17 20 3
0 3 23
15 17 25
18 21 28
19 23 4
11 13 18
16 19 10
7 9 16
6 8 26
19 23 23
4 5 19
6 9 28
4 8 24
21 2 14
11 16 9
19 22 25
1 2 3
16 19 7
12 14 24
17 22 29
4 8 16
5 8 16
5 8 25
5 8 24
8 11 12
0 2 2
22 2 16
21 23 24
14 16 25
15 18 12
3 5 14
9 12 30
0 2 26
19 23 23
7 11 28
19 22 19
6 9 16
5 8 24
4 7 5
13 16 8
18 20 24
23 3 11
1 2 18
10 12 15
17 19 18
20 21 5
9 12 10
18 21 3
12 15 21
11 13 21
2 7 9
22 2 24
16 19 12
12 14 20
20 22 1
19 21 18
19 21 1
0 1 17
12 16 1
14 17 24
15 17 23
4 8 16
23 2 10
6 9 17
12 15 15
14 16 5
17 19 20
10 13 13
11 13 10
6 8 2
21 0 2
14 18 2
17 19 26
18 21 22
15 20 18
0 4 7
0 4 14
0 5 2
8 11 7
23 1 20
23 2 27
18 20 3
14 19 12
1 4 8
17 20 17
11 14 25
0 3 24
0 2 4
6 10 9
3 5 25
4 6 17
19 21 10
11 14 28
5 6 12
23 3 16
3 6 11
2 6 19
15 17 30
16 18 6
12 14 25
4 8 30
21 0 27
17 18 11
21 0 26
2 6 6
0 1 25
0 2 13
0 3 6
10 12 30
5 8 16
17 19 15
1 4 30
11 15 23
14 16 4
23 3 3
9 10 18
9 13 8
3 5 22
5 9 17
15 17 6
13 17 26
9 11 27
11 14 24
9 14 6
18 21 5
19 21 11
10 13 9
18 21 21
23 2 11
17 19 9
13 15 21
8 11 21
13 15 23
0 3 18
19 22 16
20 0 24
13 17 27
21 23 29
22 0 16
13 16 1
5 10 1
13 14 9
7 11 4
17 19 25
22 2 10
19 23 11
22 1 30
15 17 11
7 8 18
13 16 11
0 3 28
3 6 24
15 18 28
12 15 30
2 4 4
4 6 26
15 19 22
10 13 1
1 4 12
19 23 30
14 18 18
19 23 26
13 16 11
5 9 25
12 14 29
19 22 1
7 10 30
13 17 3
3 7 30
17 18 29
2 5 18
21 23 11
11 13 2
22 1 25
16 18 26
6 8 27
11 15 5
19 23 9
7 10 14
21 23 17
1 6 26
23 1 5
5 7 2
18 22 6
11 15 20
3 6 12
21 1 15
9 10 2
9 12 2
22 2 11
1 4 1
3 6 28
2 4 10
5 9 1
22 0 28
7 10 1
13 17 24
16 19 20
6 8 2
8 11 30
13 15 7
3 7 21
8 11 30
9 13 13
12 15 24
13 17 19
3 7 28
1 4 25
13 15 11
15 18 25
13 15 16
15 18 4
15 17 17
4 8 22
4 5 27
21 0 30
10 12 19
16 19 22
23 2 16
21 22 19
6 8 3
10 12 15
20 1 7
17 20 20
9 11 13
7 10 7
19 22 8
17 19 22
20 23 26
2 4 25
6 9 27
17 22 22
11 12 22
1 4 22
15 18 21
14 18 10
17 21 11
7 9 2
21 0 16
5 7 15
17 20 15
13 17 1
19 21 12
12 14 28
12 14 1
3 4 24
5 7 21
19 22 25
21 23 8
0 1 18
16 18 19
19 23 18
8 9 9
10 10 21
21 22 16
7 11 4
14 16 27
4 8 24
16 20 27
9 12 7
0 3 9
0 4 18
19 22 27
7 9 27
14 19 22
4 7 6
8 10 4
23 2 9
17 20 15
13 15 18
10 13 19
22 0 10
19 21 28
10 13 11
6 9 6
3 8 1
19 22 27
10 12 3
3 6 20
16 20 9
15 17 5
10 11 11
15 19 13
19 22 18
2 6 2
15 18 16
10 13 9
21 1 8
16 20 30
10 15 22
11 16 24
19 22 14
3 7 29
15 16 18
3 6 27
14 18 17
14 16 9
2 5 23
8 10 30
0 4 30
19 22 22
8 10 10
20 21 27
8 11 22
2 4 13
16 19 23
6 10 5
11 13 24
19 22 16
2 5 11
10 14 1
6 7 13
18 18 22
21 23 24
4 7 25
4 5 22
21 1 11
23 3 8
19 22 24
21 0 9
18 22 9
6 8 14
19 22 16
22 0 12
8 12 18
0 2 8
13 16 10
0 4 25
0 2 4
8 10 24
1 3 20
6 7 25
11 13 5
9 12 18
9 14 19
12 15 10
23 3 3
8 12 5
14 18 30
6 9 23
22 2 12
19 21 20
20 0 19
7 10 22
9 14 26
0 2 20
12 15 9
4 8 21
8 9 3
18 23 12
0 4 21
8 10 26
11 13 12
4 7 29
15 17 8
9 13 13
13 16 12
3 4 1
9 11 21
9 12 21
5 8 20
11 14 5
7 10 6
3 7 8
8 10 5
3 6 29
20 0 20
0 2 26
9 14 23
11 14 1
7 10 6
2 5 11
17 20 23
12 15 20
23 3 8
18 21 27
13 17 5
19 22 2
2 5 28
21 23 24
17 19 24
21 23 27
15 18 6
21 23 17
17 19 6
2 6 11
0 4 22
22 2 8
20 0 16
23 3 17
13 18 23
6 7 26
3 7 19
20 23 18
15 19 3
22 0 23
6 8 7
16 18 8
15 18 17
20 23 13
7 10 2
17 20 30
10 13 15
23 3 28
22 1 16
0 3 27
14 18 6
4 7 2
9 12 19
14 18 26
1 4 1
13 15 12
17 20 2
5 8 16
20 22 13
15 19 30
21 1 20
5 6 4
20 22 10
18 21 21
7 11 6
3 5 28
0 3 28
14 18 23
11 15 30
13 17 18
8 10 28
22 0 11
21 22 8
20 0 18
19 22 15
6 9 12
12 14 29
2 6 23
15 18 24
17 19 28
0 2 20
2 4 25
16 18 23
12 13 19
20 23 4
2 4 13
18 23 6
0 4 16
20 23 22
1 5 5
8 11 16
2 3 26
16 18 13
18 20 20
1 2 21
11 14 4
0 1 27
2 7 2
23 2 19
21 23 10
15 17 28
10 14 26
15 18 14
11 14 17
12 14 10
11 12 10
2 6 7
12 15 25
16 16 29
10 13 16
19 22 19
11 14 27
14 18 13
13 15 20
3 5 26
0 4 25
13 16 23
1 4 4
16 17 5
12 15 14
10 14 30
1 3 24
20 22 29
23 2 3
16 20 2
16 18 1
15 19 16
21 0 22
8 12 24
6 10 18
8 12 23
14 16 30
13 18 13
7 9 28
16 19 18
3 4 28
12 13 13
3 6 8
0 4 28
16 17 27
1 3 23
5 9 22
3 7 16
5 9 21
20 0 27
20 23 25
0 3 27
4 9 9
13 16 12
5 9 3
2 3 8
17 20 4
23 0 1
2 4 15
22 0 1
0 3 2
9 13 25
2 5 24
19 22 9
2 4 21
14 16 12
11 13 29
2 5 13
20 23 2
22 1 19
3 5 19
4 7 27
20 1 17
6 10 29
19 21 18
8 12 30
11 14 13
16 20 13
0 5 23
10 13 1
22 2 23
13 15 5
17 20 21
10 12 10
14 17 8
12 14 4
3 6 27
3 6 7
20 22 17
19 22 3
4 6 10
10 12 26
17 20 2
23 3 22
1 4 7
23 5 29
17 20 1
2 4 9
0 3 1
1 4 28
6 9 15
1 6 12
3 7 22
7 10 5
23 5 4
15 15 12
8 10 24
8 13 3
12 14 4
10 15 14
8 9 27
8 10 19
18 21 27
3 7 10
19 22 27
3 6 4
9 12 5
4 7 9
12 17 11
2 6 9
9 11 9
5 8 1
14 17 11
21 23 5
1 2 6
18 21 13
19 22 12
18 22 14
2 6 27
17 19 10
12 16 22
7 8 16
22 0 25
15 20 27
3 6 8
11 13 12
17 21 30
7 11 3
14 17 30
12 14 25
1 4 14
16 18 2
17 21 9
10 14 18
7 9 24
13 16 22
15 19 3
15 19 21
8 11 27
5 7 1
6 9 3
14 17 15
14 17 25
14 14 24
8 11 14
1 6 24
22 2 2
14 17 14
1 2 11
20 0 8
14 18 21
21 23 21
18 22 22
3 6 27
5 9 6
19 23 1
8 11 17
13 16 26
14 17 20
23 4 23
7 10 21
7 9 24
8 11 6
21 1 21
19 21 30
23 2 24
10 13 3
14 16 11
4 8 21
21 1 7
1 3 26
9 14 16
11 14 8
7 8 25
23 1 6
8 12 19
7 10 9
6 7 20
6 9 17
18 19 22
21 0 13
10 13 23
0 4 17
14 18 24
9 14 10
3 7 20
4 7 19
7 10 3
4 6 11
16 18 4
17 21 30
14 16 30
12 15 21
4 6 16
12 14 1
18 22 4
12 15 11
12 13 29
2 4 25
19 21 15
1 4 1
20 0 20
11 14 12
3 6 10
4 6 1
15 18 23
12 14 20
7 8 26
4 8 29
22 1 3
15 20 29
9 11 16
18 21 1
1 3 19
15 15 1
14 17 26
12 15 5
9 12 8
9 11 24
0 3 6
10 14 24
10 13 30
19 22 7
10 15 16
12 13 28
2 5 19
0 2 8
23 2 24
9 12 5
5 7 28
19 23 18
19 22 9
11 16 26
11 12 29
10 13 20
19 23 11
11 14 24
15 18 9
1 5 30
5 8 3
21 23 19
0 3 18
10 14 29
7 9 1
23 3 11
18 22 30
5 9 27
14 17 23
6 8 5
14 18 2
19 22 18
4 7 29
20 23 27
13 15 10
8 12 27
8 11 3
0 2 10
14 18 5
15 16 23
0 2 8
8 12 16
14 19 25
1 4 5
18 20 28
17 20 2
1 2 22
9 12 7
20 0 14
2 5 11
7 11 15
16 18 30
22 1 4
18 20 10
17 19 6
15 16 14
21 23 30
10 14 9
7 10 23
5 7 21
5 8 3
13 17 5
20 23 29
8 12 13
9 13 3
4 9 10
3 6 14
10 13 26
22 0 4
5 8 12
2 7 15
17 20 27
9 11 13
11 14 23
16 17 16
22 1 10
5 9 20
3 6 5
23 1 21
21 0 3
1 4 29
4 6 25
20 23 4
17 20 30
4 7 23
23 1 5
11 14 3
20 23 24
11 14 28
7 10 7
21 0 1
13 16 8
22 2 28
6 10 2
10 12 30
6 7 25
17 18 24
19 21 27
13 17 28
5 8 2
15 18 18
18 22 21
10 12 1
15 17 3
19 22 21
18 21 7
21 0 9
2 6 24
0 4 13
9 13 29
9 12 11
14 17 19
2 4 9
17 18 2
13 17 29
12 15 14
8 11 3
6 9 9
21 22 11
10 13 29
6 10 3
7 10 15
2 5 4
3 6 22
0 4 29
23 3 27
18 22 1
6 11 24
17 19 16
21 1 20
18 21 29
0 2 30
6 9 22
4 8 16
9 11 11
10 12 27
4 8 11
16 22 12
13 17 8
15 18 29
14 17 8
6 7 15
4 6 23
21 1 10
22 0 27
1 7 9
7 10 30
19 22 3
1 3 18
12 15 27
11 14 1
14 17 28
17 19 21
9 9 30
9 12 19
9 11 23
2 5 29
5 8 12
17 20 1
2 5 13
4 6 3
4 6 30
16 19 18
14 16 13
5 10 1
16 18 13
13 16 10
4 9 10
21 2 21
0 3 9
16 19 13
15 17 10
13 16 12
19 22 3
6 8 10
1 5 8
4 8 9
8 11 2
6 8 10
13 16 22
8 11 14
22 23 6
9 12 6
7 9 24
1 5 3
1 5 5
14 17 9
7 10 24
18 23 14
9 12 11
12 14 28
20 23 23
15 19 2
13 15 8
8 11 13
14 17 12
14 17 13
18 22 6
20 23 21
7 11 9
17 20 20
11 13 3
3 6 3
14 17 26
20 23 9
22 2 13
7 11 21
2 6 5
9 12 1
22 3 18
0 2 18
23 2 28
2 6 4
19 0 22
23 3 7
8 10 9
18 21 11
10 13 21
22 1 30
10 14 30
3 5 24
3 5 26
1 4 1
9 12 2
11 15 9
18 21 17
22 1 24
8 10 30
2 6 29
20 23 9
0 2 1
3 5 22
19 22 5
8 9 13
5 8 7
9 12 1
15 21 19
3 7 19
6 7 20
20 2 22
4 7 18
18 20 18
0 1 29
8 11 10
7 11 26
16 19 4
7 11 29
10 13 15
20 22 1
13 16 23
23 1 26
18 22 10
18 20 17
8 11 3
10 11 1
6 9 30
19 0 25
22 1 6
11 13 20
6 10 29
21 23 1
7 9 2
9 12 24
9 13 1
17 21 21
4 8 24
2 4 6
17 21 17
6 9 22
4 7 16
16 18 19
13 16 16
16 19 10
11 14 24
0 2 3
6 9 11
21 23 20
21 0 6
20 0 3
23 2 18
19 0 23
3 5 19
23 1 10
19 22 29
11 15 15
4 8 4
10 13 4
13 16 5
6 8 28
13 16 7
18 19 18
10 11 16
21 23 25
7 9 21
21 0 10
10 12 14
13 18 4
14 17 16
9 12 1
8 10 14
5 8 18
4 7 14
7 10 19
1 4 25
9 12 13
23 2 26
16 19 13
17 21 27
7 10 27
22 2 8
20 22 27
3 7 30
6 8 3
2 5 9
11 15 7
21 2 18
2 4 19
13 17 27
11 13 27
3 5 30
3 7 27
10 13 26
9 11 19
3 5 10
10 12 20
18 20 2
18 20 26
16 18 8
15 18 2
11 15 17
8 12 12
13 16 4
21 23 17
10 12 5
3 5 6
10 14 28
11 14 17
22 3 17
19 23 1
18 22 12
8 11 27
14 18 7
16 19 9
13 15 24
11 16 23
23 2 30
2 4 23
11 14 4
10 13 7
8 12 5
22 2 6
2 4 5
19 22 24
8 9 8
6 8 9
8 10 17
4 8 12
16 21 1
2 6 4
23 2 5
12 16 22
21 23 8
21 0 10
10 13 8
12 17 11
8 10 27
11 14 22
14 18 27
23 3 26
7 8 28
21 0 18
13 17 22
3 6 7
10 15 16
0 2 11
22 1 29
20 23 14
23 2 29
18 19 12
3 6 23
14 16 21
21 22 18
2 7 26
1 4 3
15 18 5
10 13 10
23 2 23
2 3 3
16 18 16
1 3 28
22 2 25
19 21 9
18 22 16
14 16 6
20 22 15
10 13 12
17 20 26
12 15 24
13 15 9
4 6 21
12 14 14
11 14 6
20 23 2
11 14 28
6 10 21
22 1 29
20 23 1
18 22 20
21 0 9
9 13 3
5 7 5
5 9 21
22 1 8
17 20 15
21 0 27
13 17 2
9 11 15
19 20 9
2 6 21
0 2 25
8 11 5
21 2 6
3 5 23
0 1 17
3 6 29
13 16 20
6 7 9
17 21 15
17 20 4
12 18 26
4 8 18
3 7 22
21 0 27
11 14 22
8 11 6
18 19 7
12 17 10
17 20 9
17 19 11
16 21 23
6 9 14
9 11 24
7 10 3
14 17 11
12 14 28
16 19 28
15 17 1
2 4 1
23 1 5
20 23 6
21 1 1
4 8 20
10 13 12
13 14 28
8 10 17
14 17 8
14 16 24
21 1 11
4 7 10
16 20 29
10 13 15
20 23 25
13 16 23
2 6 14
22 3 30
4 7 11
12 15 30
13 16 20
14 17 13
9 13 26
11 13 25
13 17 30
2 4 13
22 3 16
5 9 6
3 7 29
4 6 14
14 17 14
5 8 30
22 2 23
18 21 8
20 22 20
7 10 4
16 18 15
4 8 26
5 8 16
14 17 22
0 4 20
21 22 20
5 6 6
8 11 12
14 18 6
12 14 9
1 6 11
6 9 30
16 19 5
2 5 29
18 22 5
19 20 7
0 2 23
15 18 9
10 13 11
20 21 9
14 16 23
5 8 12
22 1 17
22 1 10
6 9 4
3 7 27
2 5 23
15 17 21
15 17 30
5 7 5
13 15 14
8 9 20
3 7 24
12 17 8
22 1 23
22 0 12
21 0 26
3 7 13
12 15 18
21 23 27
21 2 18
20 0 7
15 19 30
23 2 15
6 8 26
1 5 13
7 10 25
2 5 6
21 1 10
22 0 24
3 5 26
3 6 5
1 4 11
22 1 27
3 6 18
23 1 8
1 3 22
13 16 3
22 1 9
21 0 21
10 15 12
22 2 13
0 2 2
4 7 7
4 7 21
9 12 7
8 11 13
5 7 18
5 7 15
9 12 18
19 22 21
14 16 11
2 6 29
0 1 25
8 9 20
15 17 12
14 17 9
16 19 8
15 18 7
16 19 15
21 23 21
22 1 27
11 14 4
12 13 14
15 18 10
6 10 15
5 8 20
6 9 14
18 22 9
1 5 2
7 10 25
1 4 12
11 14 17
1 4 18
5 7 6
1 3 27
21 1 25
14 16 21
20 23 30
19 19 2
9 13 28
11 16 22
17 19 7
2 6 1
13 16 28
4 6 24
15 17 24
14 17 28
7 9 28
19 23 17
7 10 17
7 8 21
1 4 22
22 2 30
5 10 18
22 2 5
6 9 23
16 18 9
16 17 21
4 6 10
19 21 24
16 19 14
12 14 11
23 2 27
5 7 23
23 0 15
8 10 28
14 18 16
16 20 6
19 22 28
8 11 5
1 3 30
13 17 17
22 23 21
9 13 30
18 20 7
1 5 28
14 16 25
21 1 3
2 5 7
12 16 14
10 13 18
7 9 16
9 11 1
22 1 21
17 19 7
22 0 17
0 2 28
6 11 24
16 20 19
12 14 12
23 3 7
5 8 4
5 8 27
8 11 1
21 23 6
19 22 13
22 0 7
14 17 6
1 3 5
14 16 24
21 0 3
18 22 4
12 14 24
20 22 21
23 2 11
6 9 16
5 7 11
21 0 23
9 12 1
11 13 28
8 11 3
8 12 25
13 14 2
9 13 17
17 20 3
9 12 8
3 6 28
10 13 6
2 4 1
3 6 4
15 16 27
19 21 21
2 4 17
3 6 22
4 7 27
2 6 22
2 3 25
0 4 13
20 22 4
1 3 6
6 8 5
17 19 9
6 7 3
17 19 17
12 14 10
9 13 7
20 21 24
21 2 6
3 6 6
11 14 22
9 13 19
3 6 25
5 7 7
19 23 19
21 23 30
1 6 17
18 20 25
13 19 22
8 13 3
5 9 14
1 4 30
19 21 10
14 17 25
16 19 10
13 18 24
13 16 9
8 13 6
17 19 6
17 20 4
11 13 20
15 16 3
1 4 7
19 22 14
17 19 16
12 15 14
10 14 29
11 15 10
1 5 26
20 1 5
12 14 25
8 10 10
22 1 19
3 7 13
2 4 8
7 10 15
22 0 7
18 21 1
11 15 19
13 18 18
4 9 30
18 22 13
22 1 5
11 14 15
13 18 12
8 10 18
16 22 19
17 20 7
17 21 5
0 4 23
12 15 17
7 9 16
22 0 28
20 0 1
12 15 17
22 1 28
5 8 28
18 21 29
4 5 22
12 15 8
7 10 7
2 5 1
21 23 29
0 3 30
16 18 4
12 14 5
23 2 11
14 17 6
16 18 13
15 17 20
13 16 30
20 22 30
14 16 2
1 5 9
19 23 30
9 13 23
22 2 19
23 3 22
18 21 19
21 0 21
6 10 4
0 3 2
4 7 4
3 7 6
8 13 8
1 4 5
14 17 17
1 7 6
18 19 18
18 22 26
12 15 25
11 14 23
1 5 22
3 6 2
4 8 18
2 5 25
5 9 30
15 18 28
23 4 12
22 0 7
13 15 8
8 11 20
6 8 19
1 4 30
13 16 18
2 5 27
21 23 29
14 18 4
22 2 17
2 7 11
19 23 9
21 1 12
1 5 26
20 0 25
18 19 19
14 16 1
7 9 5
2 4 9
11 14 1
12 17 7
2 5 26
18 21 2
16 20 29
18 20 15
15 18 7
10 12 14
16 19 27
20 22 9
13 15 24
9 13 25
14 18 22
17 21 22
15 18 16
0 2 17
19 21 17
8 12 21
23 1 3
10 14 14
10 15 10
1 4 9
16 19 25
7 10 3
2 4 21
14 18 25
8 11 23
8 11 3
23 3 27
5 8 17
23 3 17
3 7 24
9 11 9
3 7 9
15 18 17
8 11 2
19 21 21
15 16 27
19 23 14
5 9 24
8 11 6
8 9 14
17 20 9
15 20 23
9 12 20
9 12 25
22 1 14
7 12 12
21 23 8
11 13 23
1 5 13
18 21 13
2 5 11
12 15 11
19 22 16
21 1 9
21 0 20
18 21 26
2 4 28
0 3 12
14 17 25
18 20 13
3 5 18
17 20 28
18 20 23
18 22 2
7 11 4
10 12 13
19 22 14
6 9 16
22 0 17
13 16 18
10 13 12
12 12 8
8 10 24
6 10 20
6 8 29
6 9 12
6 8 18
18 21 2
9 11 21
2 7 10
15 17 17
11 15 3
17 20 24
16 19 29
4 6 15
19 0 23
18 21 19
15 18 27
11 14 25
5 8 23
9 12 10
7 10 2
22 1 27
6 9 1
21 0 10
22 1 1
14 17 5
16 20 20
15 19 14
13 16 28
12 14 13
22 0 28
17 21 18
2 4 30
0 4 16
17 20 11
1 2 26
18 22 3
20 0 3
8 9 13
2 5 9
4 6 24
11 14 29
9 11 1
16 20 2
23 2 1
1 2 17
12 16 3
13 15 11
22 2 19
14 16 27
0 3 18
18 20 16
2 5 15
23 2 21
14 18 25
15 18 25
10 12 9
15 17 2
21 0 17
7 8 29
14 17 29
20 23 16
3 5 10
10 14 3
10 13 17
19 21 22
4 7 17
10 11 13
5 9 4
21 1 23
19 21 26
2 4 7
10 12 6
6 10 26
3 5 20
12 15 8
4 6 6
10 14 8
19 22 18
6 10 17
15 18 13
9 14 2
3 6 18
17 20 7
5 10 3
7 10 23
13 17 23
8 11 28
10 11 27
5 9 23
20 22 19
0 4 21
17 20 27
19 23 24
21 22 24
12 17 2
13 17 13
0 1 19
7 10 13
23 1 4
16 17 17
5 8 19
3 7 9
22 1 26
5 8 27
3 5 20
10 14 2
17 20 15
18 20 17
17 22 30
14 17 29
12 16 6
0 3 20
18 21 19
1 5 10
12 17 24
20 21 11
16 21 14
1 3 10
7 9 18
14 17 4
21 0 5
22 2 19
1 5 27
2 8 5
4 9 10
10 13 4
14 17 2
7 9 28
4 7 19
0 2 4
4 7 5
6 11 7
13 16 14
22 0 27
7 9 7
5 8 5
17 19 13
10 14 1
2 5 28
8 11 7
12 16 8
9 14 18
7 11 13
20 23 30
22 0 14
17 19 24
11 14 5
10 14 20
0 4 12
17 22 13
22 2 28
14 17 29
1 3 26
16 20 9
17 22 4
4 8 29
4 8 8
10 13 15
17 20 7
17 20 26
6 9 6
21 0 7
0 5 11
3 6 14
21 1 14
23 1 16
18 21 15
5 9 4
7 10 14
10 13 29
2 4 26
19 22 16
17 20 6
14 18 28
17 19 19
22 1 26
0 3 4
18 22 29
11 13 28
19 22 10
19 23 27
18 20 12
15 19 5
5 7 27
4 8 14
22 0 1
17 20 8
8 12 28
15 17 15
15 17 24
1 4 3
6 10 29
17 19 10
3 5 3
16 18 9
11 16 7
23 1 24
14 17 3
16 20 22
6 8 14
8 13 8
16 20 9
11 15 3
17 20 5
2 4 2
20 22 8
6 8 8
19 23 6
21 1 10
17 22 23
9 13 16
14 16 9
17 20 7
4 8 4
3 6 20
8 11 5
11 12 24
3 7 26
5 7 20
1 5 29
20 23 14
19 21 10
20 0 13
1 6 28
3 7 16
21 1 17
8 13 29
21 2 13
1 4 16
6 8 6
11 15 25
5 7 22
3 5 2
10 13 5
7 11 7
13 16 27
18 21 28
20 23 20
13 14 21
12 14 18
21 22 18
1 2 16
17 21 12
23 1 24
6 9 12
19 22 3
21 0 12
7 9 21
18 21 20
1 4 17
12 15 11
6 10 23
7 10 1
3 7 13
11 15 22
14 17 13
15 18 1
4 6 19
21 0 25
21 0 14
9 12 28
20 22 30
12 14 7
11 13 29
16 20 6
11 16 30
15 18 15
7 9 13
20 22 26
11 12 29
6 9 17
3 5 29
9 13 25
1 4 6
8 10 7
14 17 11
12 13 16
13 16 24
22 1 6
6 10 11
1 7 22
8 11 11
18 23 27
22 2 11
0 4 28
20 0 13
5 7 5
5 9 24
15 17 17
10 14 30
23 3 5
15 20 17
23 4 5
12 17 20
8 11 24
1 4 22
21 0 17
22 3 5
1 3 20
2 4 16
23 1 26
3 7 1
2 5 5
5 9 28
14 16 1
0 2 28
3 8 12
13 17 6
21 23 13
13 14 26
7 11 27
1 3 18
10 14 29
15 18 5
2 6 9
15 19 10
11 13 24
9 11 26
16 19 29
8 12 28
18 20 3
9 12 30
6 8 23
16 19 3
3 4 17
21 0 6
23 2 14
20 23 23
5 7 12
6 10 19
6 10 15
18 20 29
16 19 8
4 8 20
6 8 29
1 4 8
3 4 21
17 20 12
9 11 26
12 14 26
22 0 19
21 0 28
3 8 13
7 10 22
1 4 30
12 16 5
4 7 16
16 19 4
5 8 12
1 5 29
4 8 25
23 1 30
16 19 12
14 16 14
16 19 22
14 18 3
7 11 30
23 3 2
4 7 10
23 2 15
2 5 15
19 22 4
16 20 4
1 4 22
11 15 27
4 7 8
23 3 28
22 1 12
22 0 15
16 17 27
6 9 19
10 12 3
11 13 27
17 21 13
22 1 7
23 3 7
19 23 3
17 21 20
0 5 21
12 14 21
19 21 6
22 0 11
13 15 10
9 11 25
14 18 13
1 4 3
11 13 11
9 12 15
1 4 25
21 1 1
11 14 10
2 6 13
9 12 6
5 5 19
14 18 12
11 14 6
10 14 26
19 22 12
5 9 15
7 11 11
18 21 17
23 3 28
12 16 6
10 13 27
8 12 26
20 21 20
15 18 29
23 0 2
6 10 4
13 16 27
4 8 11
10 14 3
19 0 5
16 18 1
2 6 21
3 7 5
9 11 11
8 11 30
0 5 4
7 10 5
17 21 19
10 13 11
15 18 19
7 8 18
6 9 27
8 11 26
13 16 9
10 12 17
6 10 17
9 10 19
19 21 30
14 17 16
18 20 11
3 5 4
2 3 1
6 8 23
20 23 19
17 21 20
21 0 25
16 20 21
20 1 7
16 20 9
9 14 4
0 4 3
15 20 21
21 0 6
0 2 19
1 3 3
7 10 21
18 22 15
17 20 19
6 8 11
18 19 2
19 23 18
20 23 1
12 15 19
3 5 4
14 18 28
20 22 12
13 18 22
16 18 16
15 18 30
21 23 2
4 8 9
13 15 18
3 7 13
5 6 15
14 16 15
22 0 22
18 22 18
2 5 8
21 1 15
5 7 20
5 10 25
3 6 4
1 3 26
22 2 18
12 14 14
21 1 14
1 5 8
22 1 9
4 8 26
21 23 13
23 2 5
12 15 30
7 11 1
3 6 7
19 22 19
18 21 7
3 6 7
22 0 5
3 6 4
15 20 21
22 1 1
22 0 3
0 4 20
4 8 6
15 18 23
15 19 28
21 23 5
20 23 16
3 7 7
11 14 27
11 14 27
23 1 10
4 7 8
1 3 29
3 6 10
7 9 9
8 11 26
8 12 24
6 9 2
3 5 15
6 8 8
9 12 17
19 22 1
22 1 22
10 14 28
5 8 15
23 3 22
15 19 23
4 6 18
23 3 4
3 7 30
16 17 23
20 22 25
10 12 10
6 9 28
0 4 8
20 22 11
17 21 11
5 10 16
14 18 8
12 14 13
0 3 3
3 4 11
23 3 28
6 10 1
16 21 16
23 2 29
4 7 19
10 13 22
10 13 5
18 20 10
19 23 19
23 3 19
3 7 13
5 9 28
23 2 12
23 1 1
1 4 5
22 3 5
7 10 13
23 0 5
23 2 17
22 1 26
23 2 16
20 21 10
9 11 15
0 5 5
9 13 23
10 12 1
1 5 14
4 6 4
2 6 14
2 3 4
8 11 28
20 22 25
10 14 25
3 8 2
18 20 10
20 0 30
20 22 24
7 11 24
1 3 8
11 15 25
19 23 11
9 13 20
4 6 24
15 17 13
19 21 26
2 3 15
22 0 3
2 5 12
14 16 26
5 9 3
7 12 17
7 9 24
4 6 30
2 4 13
22 0 27
4 8 7
12 16 4
11 15 17
19 22 2
22 1 18
2 6 3
2 6 2
13 14 21
7 9 15
5 7 12
3 5 11
17 18 16
12 15 28
19 21 22
20 23 13
3 6 5
4 6 3
21 0 6
21 1 21
10 13 23
11 13 5
5 8 3
5 8 22
0 3 28
4 7 20
1 3 6
22 1 4
14 16 18
16 21 9
21 23 26
18 21 7
8 11 22
3 6 11
16 17 12
13 17 11
22 2 7
5 7 9
5 8 19
1 5 6
10 14 29
18 20 3
15 18 30
9 10 13
17 20 30
20 0 18
21 23 20
0 4 15
13 16 19
12 13 29
10 13 29
8 10 9
9 15 17
19 21 16
0 3 23
22 0 19
11 15 11
15 19 11
9 12 20
19 21 15
8 11 6
21 23 23
11 13 19
11 13 17
20 23 2
23 3 8
6 8 19
2 6 25
13 18 20
0 4 27
18 23 30
21 0 14
3 6 15
18 20 28
14 16 1
0 1 6
18 20 28
22 1 29
3 6 20
18 0 16
13 17 2
9 13 2
16 19 12
16 18 8
16 18 15
17 21 2
0 4 5
17 20 18
10 14 3
0 5 30
10 12 30
19 23 9
19 21 15
9 12 14
7 11 26
23 2 16
10 12 18
16 20 23
15 16 3
2 4 17
3 6 23
4 8 26
18 22 5
1 3 1
16 20 27
13 16 24
21 2 2
0 3 14
10 12 29
16 20 24
13 15 15
7 10 9
8 12 10
22 1 27
8 12 26
19 22 1
18 22 21
17 21 10
8 11 27
5 8 4
10 13 19
11 13 2
17 18 2
20 0 28
18 21 25
13 15 15
7 12 23
14 16 1
9 11 17
17 21 10
3 7 9
14 18 29
22 2 8
10 12 8
16 20 3
8 10 14
14 16 11
3 7 10
13 16 3
22 2 18
9 13 2
12 13 14
14 17 6
1 3 6
3 5 27
12 15 11
23 3 10
1 5 5
13 17 20
13 17 12
8 12 14
14 16 21
10 13 10
12 14 14
2 6 30
0 3 19
17 22 2
18 22 16
13 15 13
15 16 5
21 2 20
13 15 23
0 3 7
3 6 30
19 23 9
10 13 11
1 3 6
15 17 24
12 17 24
3 7 4
10 12 21
12 15 4
17 20 3
7 10 1
10 13 20
21 23 30
5 8 29
11 14 5
22 1 13
21 22 29
15 18 28
7 11 21
11 14 22
6 9 1
11 12 20
17 21 2
15 19 27
4 7 8
1 5 20
11 14 27
15 18 12
2 4 24
12 13 17
0 2 18
6 9 30
15 17 25
9 10 2
11 16 23
18 21 9
19 21 21
7 11 24
13 17 25
14 17 8
2 4 18
17 20 24
1 3 23
7 11 23
17 21 5
17 21 12
17 20 11
3 5 18
6 10 26
3 7 7
19 21 10
4 4 18
17 20 11
22 3 12
17 21 22
23 2 22
18 21 14
2 5 28
10 12 18
6 9 23
4 8 24
13 16 16
17 20 30
5 9 20
1 3 7
9 12 19
10 14 16
23 1 23
20 22 23
12 15 16
20 1 18
6 7 1
18 20 18
20 22 20
7 11 26
5 8 29
0 4 16
17 21 27
0 3 20
21 0 1
14 19 18
22 0 30
10 13 2
5 7 24
2 6 28
12 14 13
16 18 7
0 3 28
3 7 11
9 11 1
10 12 1
11 16 7
0 4 11
17 21 9
1 5 23
9 12 5
20 1 8
6 10 24
10 14 3
1 2 10
4 6 13
4 7 22
3 5 25
3 2 6
8 11 25
23 2 18
10 13 3
18 21 23
2 5 2
13 16 8
10 13 21
23 0 24
10 13 17
3 5 14
21 0 17
9 11 10
13 15 20
2 5 22
18 21 24
13 17 6
15 20 17
2 4 22
19 21 16
6 8 18
13 16 6
20 0 5
18 22 18
14 17 14
12 15 24
12 15 6
6 9 21
2 5 20
0 3 11
11 13 13
10 13 24
3 6 12
0 2 4
17 20 18
22 0 29
19 0 18
17 21 15
6 10 30
7 10 13
0 3 15
23 2 6
1 5 2
15 18 25
10 13 1
17 22 14
13 16 13
2 6 3
14 17 24
13 17 7
12 16 27
7 11 22
4 8 29
13 19 12
20 23 11
2 4 6
23 2 5
15 16 15
12 15 26
6 8 27
23 2 8
17 19 24
17 19 11
3 4 23
0 3 29
1 3 27
9 12 3
2 6 10
0 3 17
8 11 26
5 8 18
20 23 15
8 11 18
13 14 28
8 13 22
16 20 15
0 0 10
4 8 13
2 5 30
19 23 18
16 21 27
10 13 21
12 15 19
22 23 17
16 19 27
23 1 29
16 19 22
14 16 27
11 14 13
9 12 4
4 8 26
16 20 21
8 11 22
13 15 26
22 0 26
3 5 27
2 4 26
6 9 18
22 0 13
21 1 21
8 12 11
3 7 14
21 0 25
19 22 21
13 19 26
10 13 14
21 0 1
17 20 1
2 5 18
23 1 19
15 18 13
6 8 11
20 22 2
18 21 26
11 13 16
11 13 8
20 21 17
0 3 15
2 2 26
6 9 16
14 17 29
3 5 30
4 7 16
8 12 30
23 1 8
22 1 22
16 20 16
22 1 21
8 11 30
20 0 1
6 7 28
4 6 29
14 17 23
6 8 1
15 19 29
15 16 10
16 19 24
6 9 8
12 16 11
4 8 11
12 16 13
15 19 26
13 15 10
18 21 14
10 13 1
4 7 5
15 19 8
10 11 26
5 10 17
9 12 28
4 8 23
10 13 26
11 14 1
0 4 21
2 5 25
16 19 30
15 17 10
14 18 28
20 1 7
23 0 12
1 5 11
16 20 2
7 10 2
6 9 21
0 1 1
21 0 16
6 9 24
9 12 29
10 12 23
17 20 30
10 13 7
6 11 4
12 15 23
3 6 15
2 4 25
12 15 19
4 8 7
4 9 15
13 16 14
20 22 27
4 6 12
21 0 17
4 6 3
5 9 24
3 6 30
10 14 24
19 21 13
9 12 20
6 10 21
11 15 19
21 0 5
20 0 16
11 13 11
4 7 9
1 5 2
21 1 26
21 0 11
8 10 18
1 4 15
11 15 22
23 1 19
7 10 21
21 1 8
11 13 18
8 11 8
23 4 6
23 2 3
1 3 27
15 17 14
22 1 1
4 8 16
23 2 3
8 11 4
10 13 9
18 20 26
10 13 3
18 21 23
20 0 7
0 4 18
4 6 1
18 21 1
14 19 11
5 7 16
1 4 17
6 8 1
18 22 18
21 0 14
2 3 9
9 12 6
8 13 1
23 4 20
0 3 28
11 15 28
22 2 30
0 2 30
10 14 4
10 12 9
23 2 21
2 7 10
16 19 8
21 0 29
1 3 14
8 11 5
8 10 29
15 18 29
18 21 2
11 14 18
22 2 13
19 0 21
8 10 6
6 9 19
23 1 15
22 0 28
12 16 16
12 16 29
3 6 20
19 21 12
13 16 27
17 20 6
5 7 5
13 18 21
13 16 2
11 15 12
14 15 10
0 3 20
21 23 15
20 22 18
23 3 25
7 12 4
7 9 27
2 5 26
4 6 4
0 3 15
13 15 13
12 15 21
0 4 15
11 14 2
17 19 4
10 13 20
7 10 12
5 7 24
20 23 2
1 6 16
10 12 5
9 11 26
20 23 6
9 11 9
21 0 21
0 4 17
11 13 25
2 4 20
6 9 21
12 14 28
5 8 6
11 15 24
1 4 28
16 19 27
3 6 3
14 17 19
1 4 16
4 6 15
11 15 22
13 16 23
7 11 8
16 19 19
21 0 6
21 21 24
12 16 8
5 8 15
18 22 26
9 11 28
21 1 21
4 7 2
12 14 16
7 9 18
6 10 7
13 15 7
6 8 1
7 10 24
21 1 26
16 17 25
22 1 30
10 12 3
14 20 9
9 12 7
20 0 29
10 14 21
18 19 16
5 7 3
0 5 27
0 1 1
14 17 12
18 19 25
6 9 19
20 0 29
20 0 20
22 2 13
7 11 13
16 18 5
9 12 27
23 2 21
3 6 29
18 21 22
19 21 21
4 6 24
21 23 27
17 22 19
22 2 15
10 13 23
15 18 19
21 1 9
13 18 7
23 1 16
17 22 8
3 6 15
10 16 3
21 1 21
5 8 21
11 14 10
16 19 21
6 7 20
9 12 28
23 0 17
0 3 13
19 23 30
12 16 10
14 17 10
8 11 18
3 7 15
17 18 4
22 2 9
8 11 29
3 6 2
13 15 12
13 15 23
7 10 20
14 17 8
9 13 22
14 17 14
9 12 7
23 1 4
2 6 7
6 10 26
3 6 27
6 11 26
6 9 12
13 16 6
14 17 11
19 0 23
4 7 16
8 13 7
12 17 2
17 21 30
2 5 19
11 14 19
12 15 3
7 9 24
12 15 26
9 14 15
17 21 9
0 5 16
4 7 25
11 13 21
18 23 2
13 15 28
1 4 15
19 0 28
19 0 5
21 1 18
10 12 9
23 1 30
18 22 27
1 3 22
22 2 19
20 0 20
21 2 24
4 8 21
17 20 18
9 13 22
20 0 25
9 13 22
18 21 1
17 21 25
9 13 11
12 15 13
15 17 11
2 5 9
1 3 11
3 5 23
17 22 17
2 6 2
18 20 16
20 22 24
21 23 19
19 22 30
4 10 20
14 17 25
7 11 17
4 9 15
13 15 26
2 5 8
21 1 5
8 11 24
11 14 28
20 22 3
8 12 30
0 3 10
22 2 25
14 16 26
8 12 27
23 3 8
9 13 30
10 13 19
20 22 19
23 3 11
18 21 7
2 4 8
8 11 9
16 17 30
10 14 11
13 13 13
11 13 23
10 13 19
7 10 9
22 0 17
8 10 25
15 18 25
3 4 14
14 17 20
11 14 14
14 15 1
10 12 6
15 19 4
23 4 22
15 18 27
15 18 29
21 1 13
0 3 26
14 17 19
18 22 8
13 17 2
1 3 29
11 14 13
21 0 9
15 16 9
15 17 21
17 20 21
17 20 8
9 14 6
1 6 12
6 12 11
22 2 7
9 12 29
16 20 12
20 23 5
11 13 25
18 20 18
9 12 30
16 19 5
6 8 15
5 9 13
11 13 14
9 12 30
7 10 15
2 7 17
0 4 25
0 2 25
9 12 13
15 17 22
18 21 17
10 12 29
17 19 13
21 23 4
2 7 29
22 2 15
22 1 7
7 11 15
3 6 12
12 14 16
19 22 11
2 5 18
14 16 6
12 14 13
17 21 15
14 17 1
21 23 28
6 10 7
8 10 18
2 7 18
20 22 4
18 20 11
22 0 26
23 1 21
14 16 23
10 12 2
1 5 9
12 14 16
1 3 13
20 23 22
5 6 7
20 23 3
4 7 29
11 14 30
1 5 4
10 14 25
7 11 22
7 9 12
17 20 23
19 22 10
16 18 10
2 5 21
7 9 1
18 20 13
12 14 25
21 0 10
7 10 21
5 8 1
2 4 1
12 16 18
7 12 26
8 11 27
2 6 5
14 15 7
9 13 19
5 7 20
15 19 19
2 4 22
0 2 3
10 13 23
21 22 29
21 1 27
2 3 2
12 15 25
3 6 1
23 0 16
15 19 19
12 13 10
21 0 10
7 10 20
5 8 26
13 16 17
2 5 24
9 10 10
4 9 16
7 9 5
19 21 28
1 5 9
3 7 11
7 9 24
20 23 3
2 5 9
4 6 30
9 10 22
19 22 6
7 10 24
11 16 30
2 4 9
10 13 21
2 6 5
14 16 12
1 4 21
14 18 28
11 16 28
15 17 7
10 14 11
14 15 10
11 14 22
2 5 2
15 17 30
1 5 24
7 12 10
11 13 9
7 9 19
8 10 27
9 13 14
12 15 24
7 10 30
2 4 27
7 11 7
7 11 20
4 7 17
0 5 4
21 0 19
2 5 24
18 19 3
7 11 18
0 3 28
20 20 10
11 12 9
13 16 3
12 15 22
17 19 14
12 15 20
10 13 25
9 13 11
15 18 9
8 11 11
8 13 3
20 23 16
4 7 14
5 10 22
18 21 27
13 16 3
23 1 9
15 18 17
11 14 17
5 9 26
16 19 23
5 9 8
22 1 17
10 13 20
10 12 24
1 5 10
12 15 3
0 4 30
15 19 8
4 6 6
23 1 16
11 13 12
4 7 19
18 21 5
7 11 20
4 7 7
2 7 29
2 7 28
4 9 24
8 9 8
7 11 10
20 0 28
18 20 24
0 2 7
16 18 13
8 11 5
15 19 1
3 6 16
6 9 28
0 4 25
8 10 7
0 3 9
20 21 10
8 13 21
9 13 29
4 6 11
23 3 17
8 10 8
17 19 25
4 7 2
15 19 29
14 18 21
13 15 18
12 15 5
2 7 18
17 20 2
4 8 9
8 12 25
11 14 4
0 1 6
19 23 21
8 10 5
23 2 12
21 1 22
12 15 11
1 4 10
15 19 18
13 16 28
11 14 15
20 23 2
21 23 23
11 15 5
4 7 11
0 3 3
18 20 10
7 9 9
15 17 2
7 11 18
20 23 6
10 13 20
11 13 21
14 18 28
10 13 14
10 12 27
15 18 16
19 22 12
17 20 23
16 21 12
4 8 11
7 12 11
0 3 11
17 20 21
1 5 27
23 2 17
18 21 27
7 10 1
10 14 7
18 21 8
1 6 24
0 5 8
4 5 9
8 12 1
9 11 16
6 8 12
5 7 15
15 18 23
14 18 27
18 22 1
11 15 12
15 19 15
21 23 26
12 17 18
3 5 4
20 0 18
17 20 25
10 11 9
13 15 22
16 19 14
20 23 13
21 22 11
0 3 22
12 16 13
2 4 10
14 16 3
13 16 30
6 12 9
1 4 10
4 5 30
22 1 10
0 4 13
6 9 7
6 8 29
14 17 21
22 2 19
20 0 21
17 19 8
9 11 15
8 10 1
22 1 6
23 2 6
15 18 18
21 0 1
20 0 1
19 22 5
5 9 16
14 16 22
1 5 15
20 23 12
15 18 7
23 2 30
17 19 7
0 2 7
6 8 4
15 17 27
14 17 1
17 19 14
21 0 26
12 15 28
0 3 2
13 18 18
6 10 23
7 11 4
23 2 16
5 8 16
14 20 5
5 8 9
9 12 11
3 6 13
18 19 23
15 18 23
18 22 10
10 13 20
9 12 6
16 19 19
10 12 9
6 8 6
14 18 17
12 15 1
19 21 13
13 16 24
6 8 2
8 12 16
6 10 30
2 5 28
4 6 2
9 13 27
2 7 30
22 1 16
23 3 28
8 12 19
12 14 27
4 8 28
22 0 24
12 16 1
12 15 12
13 16 2
23 2 15
15 17 6
11 14 24
1 5 14
13 18 25
16 19 11
13 18 7
18 20 28
19 23 8
10 13 24
4 7 29
12 15 25
9 12 11
3 5 22
15 18 6
12 16 18
4 7 5
1 1 20
22 1 13
6 10 26
9 11 29
15 18 14
0 3 21
12 16 18
16 20 23
8 9 13
10 14 5
12 15 20
17 20 22
7 9 9
12 15 1
19 20 2
16 21 12
5 8 21
7 10 9
21 1 8
18 20 4
23 2 19
10 13 29
20 23 10
11 15 5
1 2 17
11 15 27
20 23 3
0 3 1
5 8 10
16 19 4
10 12 21
22 23 20
4 9 21
15 16 24
19 22 4
4 8 28
23 3 26
14 16 2
13 15 13
16 19 24
3 6 1
10 12 4
23 3 4
13 15 4
6 10 16
2 3 14
5 7 23
0 5 24
0 2 29
8 12 24
5 8 7
20 0 17
9 12 16
15 18 3
13 16 25
10 13 2
6 8 20
8 11 28
22 3 21
18 23 30
7 11 13
23 2 8
9 10 3
20 23 10
18 21 19
15 19 15
13 15 3
4 7 14
13 17 1
2 6 17
8 12 24
16 19 20
9 11 2
10 13 8
17 21 28
13 15 24
22 0 14
14 17 15
13 16 29
22 2 24
20 22 5
10 15 22
3 5 19
3 6 15
11 15 30
14 16 14
19 21 8
2 5 22
5 9 26
9 12 15
1 4 5
16 17 1
4 8 18
7 9 14
19 22 13
17 19 19
13 16 14
10 14 7
11 14 17
5 8 18
14 18 27
1 4 14
16 20 23
0 3 3
17 20 28
14 15 13
17 18 16
5 7 16
19 20 11
17 21 6
20 23 2
16 19 19
21 23 8
19 23 12
17 19 18
15 18 11
22 2 25
10 12 15
12 16 18
9 12 26
23 0 19
4 7 27
20 22 25
2 6 24
7 12 15
0 4 24
13 15 29
9 13 30
21 23 25
18 19 19
7 10 29
8 9 23
3 5 28
22 2 5
23 3 9
10 14 3
7 9 2
23 2 15
14 16 8
12 15 2
4 7 17
18 22 20
20 0 11
10 13 27
20 22 16
19 21 26
6 9 15
22 1 19
10 13 10
18 21 12
18 21 21
6 8 24
15 16 12
6 11 30
18 19 4
21 23 24
20 23 19
18 21 19
10 12 14
6 8 12
13 18 25
20 0 28
18 22 22
17 20 11
16 18 3
0 3 29
3 6 20
12 17 29
0 3 26
18 21 5
5 8 21
23 1 20
5 8 23
19 22 25
19 21 30
5 8 4
15 17 10
14 16 29
2 4 26
18 21 22
8 12 30
9 13 7
1 4 23
3 5 27
23 1 6
0 2 9
20 0 2
0 1 10
14 16 19
5 9 19
20 22 28
3 5 11
6 8 2
13 16 19
20 23 25
20 23 2
18 22 27
7 10 18
4 8 12
23 3 17
23 3 28
9 12 13
7 11 4
3 6 2
2 5 26
9 11 30
20 22 3
21 0 26
13 16 29
14 17 1
16 18 4
7 9 29
4 5 15
0 4 16
2 6 21
3 8 6
0 0 19
3 6 14
22 1 2
5 7 6
20 22 19
13 17 21
5 8 15
18 19 23
8 12 13
13 16 24
16 19 9
5 8 10
8 10 15
18 23 15
6 9 29
11 14 13
1 5 18
18 21 14
23 3 19
0 3 27
23 1 23
17 21 20
23 4 6
2 6 1
7 11 21
18 19 28
20 21 3
4 7 14
23 2 6
4 7 9
19 1 24
20 23 2
10 15 4
3 6 1
12 15 3
7 12 25
16 19 13
2 5 17
15 18 6
18 20 24
19 21 26
19 22 28
5 10 14
9 12 13
0 3 9
1 3 17
12 17 11
13 15 25
14 16 6
9 10 11
20 0 8
19 23 21
0 2 7
11 15 3
20 23 22
16 21 30
11 14 25
6 9 18
8 13 21
3 5 24
5 8 29
3 5 29
21 23 16
3 6 26
22 1 9
16 20 12
5 7 3
12 16 16
5 7 26
0 2 7
16 18 18
5 7 25
3 6 9
13 15 25
10 13 1
23 2 11
19 20 19
7 10 13
16 19 13
0 5 9
9 12 19
12 14 19
0 1 28
16 18 20
17 18 25
7 10 21
3 6 2
11 16 1
8 12 9
8 11 24
5 8 11
20 0 20
10 12 25
13 17 2
3 9 6
15 17 26
20 22 4
23 2 23
0 4 8
6 9 9
4 6 27
19 1 1
19 22 8
11 14 24
19 22 2
5 8 15
17 20 21
16 19 22
22 23 12
13 16 17
6 9 29
10 14 27
23 2 20
4 7 8
1 4 15
4 8 10
4 6 6
0 3 17
6 11 13
5 7 13
15 18 19
7 11 13
19 22 13
11 14 23
17 20 8
17 20 14
7 9 29
21 1 24
2 5 23
22 2 21
10 13 3
1 3 22
17 20 17
1 5 27
7 11 5
14 17 27
22 0 25
15 18 28
8 11 10
14 17 22
12 15 28
22 0 18
1 4 19
1 4 13
12 14 7
16 21 21
14 17 21
10 14 17
13 16 25
5 10 3
17 21 26
20 0 15
5 9 12
11 13 7
7 9 28
10 14 11
14 17 29
0 3 6
15 19 29
10 14 16
0 4 24
9 10 3
21 23 5
1 2 1
18 22 30
6 9 22
11 15 9
11 13 6
8 10 17
17 21 28
10 13 27
0 1 30
0 3 21
15 18 12
15 19 23
13 16 14
1 3 28
16 19 2
16 19 3
13 16 28
12 14 19
3 6 19
15 19 6
3 6 13
6 9 23
3 5 25
8 11 20
0 2 3
15 16 9
6 9 25
14 18 29
12 14 24
20 23 2
17 20 13
12 15 13
11 13 5
23 3 26
23 1 18
14 16 7
21 1 15
16 18 29
7 10 19
16 16 29
3 7 10
4 7 1
17 21 20
2 4 21
12 17 3
2 6 14
9 14 6
7 10 26
7 9 27
7 8 7
13 17 21
14 16 22
7 11 14
11 15 19
23 3 22
8 11 6
9 11 29
15 16 8
17 20 24
6 9 5
21 0 16
23 2 5
1 4 30
5 8 3
20 0 22
18 23 17
13 18 7
16 20 16
11 14 17
11 14 2
6 8 16
17 18 21
23 0 17
1 5 12
21 0 4
18 21 19
4 7 29
15 18 28
8 12 20
15 17 2
3 6 1
23 2 30
0 3 7
10 14 17
23 3 21
20 0 8
22 0 30
6 10 10
16 19 25
4 7 2
7 9 22
10 11 9
3 6 14
6 9 11
3 7 25
23 1 14
6 9 1
19 22 25
3 6 7
3 5 2
5 8 18
10 13 20
4 7 30
16 21 16
9 13 7
19 21 17
9 11 9
21 1 13
17 19 19
1 3 4
14 16 17
7 11 15
1 4 7
3 5 22
8 11 11
14 16 14
19 22 9
22 0 10
3 6 21
19 22 3
0 2 4
20 22 25
11 14 9
5 8 25
8 10 9
6 9 16
16 21 7
9 12 1
6 10 6
8 10 18
12 16 29
8 12 24
13 16 6
11 12 15
14 19 7
18 22 4
19 22 28
6 10 2
0 5 26
8 11 5
5 8 10
13 16 26
11 13 29
19 21 1
18 23 14
10 13 22
1 4 7
21 0 14
7 9 17
12 16 21
19 22 11
21 0 30
17 19 15
2 7 22
11 14 25
15 18 5
8 10 15
11 15 20
2 5 13
8 12 26
23 1 23
0 2 21
7 10 12
6 9 24
7 10 27
5 7 17
23 2 18
20 21 22
12 15 13
16 20 12
17 20 7
13 15 14
10 12 19
19 22 25
8 10 21
11 15 19
9 12 3
22 1 27
4 7 28
2 6 18
9 13 15
11 14 5
8 11 11
17 22 14
5 6 27
1 5 19
18 21 15
11 14 26
17 20 16
23 1 10
14 15 24
12 15 12
12 16 13
8 11 24
5 8 9
7 11 24
23 2 16
7 11 22
4 7 28
12 16 20
14 17 2
9 11 19
13 16 5
6 8 17
2 4 17
20 23 26
1 5 10
7 11 23
3 6 18
13 15 2
22 0 12
16 18 3
21 1 22
9 13 23
4 9 30
20 23 9
0 3 25
18 22 19
21 0 18
6 10 9
15 18 7
14 18 15
21 0 15
11 17 25
12 14 5
4 6 16
14 17 11
9 12 14
5 7 25
4 7 9
19 21 20
23 1 16
17 22 30
1 5 5
16 20 29
16 19 29
20 22 8
11 13 1
0 3 11
9 12 20
18 22 19
23 2 24
6 11 29
6 10 7
10 15 19
3 5 9
3 4 20
21 1 30
12 15 10
6 10 29
1 3 18
0 4 18
8 9 6
6 9 8
18 22 30
3 6 16
22 4 24
22 0 22
21 0 17
13 14 18
10 13 4
2 4 19
4 7 15
1 4 30
18 21 8
14 16 27
12 17 21
4 7 7
4 6 21
4 6 10
17 21 7
3 5 11
1 2 23
20 23 1
0 3 23
13 16 2
1 6 25
9 11 22
19 21 22
6 8 30
3 6 27
13 16 1
10 14 24
1 4 2
4 8 17
17 19 9
1 4 10
0 1 18
6 10 18
18 22 4
9 15 21
17 20 12
7 8 22
22 1 28
5 10 30
0 5 15
14 17 18
8 11 15
5 7 17
13 15 23
1 4 17
13 15 17
12 15 25
22 0 14
0 3 10
9 13 14
20 20 7
13 16 28
14 16 20
22 2 21
20 23 26
1 5 14
16 17 24
11 12 21
4 7 19
23 3 24
16 17 14
7 11 19
14 17 25
20 0 21
7 10 15
1 2 14
6 9 6
11 13 2
17 20 10
4 8 16
23 2 25
4 7 21
8 11 14
5 8 17
18 21 19
13 18 13
0 3 19
22 2 10
0 4 12
4 5 10
12 15 27
11 13 10
21 0 30
21 23 27
18 22 6
12 14 14
23 2 30
0 2 8
0 4 29
3 5 29
1 3 1
17 21 20
2 6 21
0 5 16
7 9 17
11 15 14
11 13 13
12 15 24
17 20 25
23 2 25
17 19 29
8 12 10
22 0 6
7 10 11
2 4 2
14 19 11
11 14 11
5 8 7
10 11 2
21 1 6
17 20 12
11 13 6
18 22 17
3 7 28
13 15 28
23 2 8
10 12 13
6 8 4
10 13 11
23 3 12
16 19 27
0 3 21
5 8 26
11 14 12
3 7 21
18 20 1
5 9 27
23 1 15
21 1 27
6 11 20
0 4 13
9 11 29
9 14 11
10 13 19
18 21 15
20 23 11
18 22 21
6 9 9
15 18 3
18 22 18
23 2 10
20 22 23
19 22 12
22 3 8
11 14 3
12 16 6
11 15 22
19 21 25
18 21 14
3 8 10
16 20 14
11 16 25
17 21 28
18 18 16
11 17 15
10 12 23
14 16 24
13 16 19
17 21 28
8 11 4
5 9 26
18 19 17
4 6 22
13 15 7
1 4 29
1 4 23
12 14 11
4 8 12
14 16 2
11 12 26
17 21 26
3 5 28
5 10 6
21 0 18
3 6 13
17 20 28
7 9 21
3 5 14
9 11 24
3 7 11
16 18 10
22 2 9
9 13 10
5 8 21
0 3 1
13 15 15
19 22 11
1 4 1
0 4 12
21 1 25
15 20 22
3 7 30
1 3 22
22 0 22
6 9 2
8 11 18
6 9 29
23 2 4
9 12 3
20 23 2
5 8 26
23 2 26
11 13 22
9 12 26
16 19 12
12 15 16
9 12 15
10 15 28
9 12 29
7 11 11
6 9 6
11 15 2
1 3 1
21 4 9
10 11 15
23 0 19
4 8 1
20 22 27
23 2 27
23 2 7
13 15 28
6 9 18
17 20 21
21 2 27
13 17 1
11 14 19
19 22 2
12 15 6
7 8 30
6 10 29
13 15 10
3 7 5
0 2 16
7 10 23
10 13 17
19 21 10
9 12 4
0 4 29
8 11 18
7 9 25
21 0 9
0 4 4
21 23 27
1 3 8
11 13 26
7 9 14
6 9 18
8 12 21
2 4 1
21 0 22
23 0 17
7 9 8
8 12 12
12 16 12
18 20 21
1 3 29
17 20 11
3 7 12
9 11 23
17 19 21
7 9 6
16 17 18
15 18 8
18 21 22
4 7 12
9 12 18
2 5 4
3 5 9
13 15 3
2 5 8
8 14 28
21 0 5
0 2 23
14 16 16
21 0 17
19 23 27
7 9 17
12 14 12
15 17 18
12 16 3
11 13 1
9 13 3
23 1 2
22 23 6
4 7 23
10 13 4
22 0 29
20 23 16
9 11 24
8 12 13
12 17 19
23 1 10
13 15 9
0 2 16
2 5 14
10 12 2
23 2 21
17 20 25
23 1 8
10 14 29
11 14 14
16 18 5
4 5 21
2 4 1
22 2 18
16 19 29
1 3 4
18 23 12
23 3 13
19 21 27
14 18 21
16 18 24
3 5 3
2 5 10
3 6 15
14 18 27
4 6 9
5 8 19
13 15 19
13 15 9
3 7 25
4 6 6
19 22 20
15 18 4
7 10 25
11 14 9
5 9 18
10 13 19
9 11 3
8 12 30
10 13 15
2 4 7
13 14 30
6 8 1
11 13 29
18 21 2
15 20 18
10 13 15
5 7 14
23 2 24
11 13 10
13 16 12
7 11 2
14 18 10
9 12 30
11 14 6
18 0 26
12 16 21
5 9 15
17 20 8
15 18 9
5 8 15
13 19 24
20 0 1
7 11 8
11 13 19
21 0 17
19 23 21
19 21 21
5 7 16
12 14 24
5 10 22
8 8 6
2 4 16
23 4 14
7 9 2
16 19 10
18 21 24
16 21 26
22 0 14
1 5 7
3 7 10
21 1 29
0 2 13
18 20 13
18 23 19
5 8 24
16 19 17
14 15 13
23 1 13
2 4 14
4 7 12
0 2 27
22 1 17
7 9 23
17 21 17
16 19 2
12 17 9
0 2 21
13 15 2
2 7 9
20 0 9
7 9 14
10 12 18
12 15 26
4 7 4
2 4 9
15 18 16
17 20 2
18 21 10
17 21 5
12 14 20
15 18 11
13 16 30
12 16 18
13 17 3
17 20 14
6 8 20
13 16 16
22 2 19
7 9 16
3 7 12
14 16 28
23 2 12
20 23 1
5 9 9
18 21 21
0 2 1
4 8 14
18 21 2
15 19 13
15 19 6
3 7 22
8 9 23
17 20 20
23 3 11
10 13 15
19 21 4
13 16 2
20 23 10
10 14 14
18 21 11
0 4 9
9 12 28
6 8 17
5 8 19
19 23 19
11 15 21
6 9 22
12 14 17
0 1 7
13 16 29
4 6 8
5 8 8
12 15 17
5 9 5
0 3 15
3 5 24
21 2 6
21 2 1
17 19 28
5 8 16
2 4 17
9 13 26
15 17 23
19 21 21
21 22 16
13 17 21
2 4 2
13 17 22
19 22 1
11 14 28
15 18 29
0 3 19
7 10 16
12 16 23
3 7 20
16 19 25
6 10 17
8 10 17
3 7 3
1 4 19
9 12 13
17 19 14
16 19 1
23 1 22
23 0 14
13 16 25
18 22 20
15 19 23
1 4 12
21 23 14
1 4 12
18 19 11
18 20 16
22 1 8
19 22 3
12 15 18
1 5 17
1 4 19
16 19 28
15 17 12
11 14 7
20 23 10
18 19 12
7 10 3
9 13 19
6 9 21
18 22 28
22 1 27
3 5 20
2 6 19
17 21 9
17 20 30
21 23 11
19 22 8
10 12 8
22 23 28
2 7 4
18 22 23
16 20 10
7 11 5
12 13 6
4 6 21
6 7 1
4 6 6
21 0 2
4 7 10
19 21 9
8 11 29
5 10 2
11 14 7
8 12 21
13 18 29
22 0 9
13 15 10
20 23 10
22 0 19
10 12 21
6 9 28
21 23 30
2 6 6
9 12 28
4 6 1
10 15 1
7 8 10
17 20 18
19 21 2
13 16 22
3 7 8
4 6 7
16 18 27
14 18 17
7 10 10
1 3 13
18 21 30
12 16 29
19 22 22
20 23 11
6 10 4
18 21 1
9 12 14
7 11 5
2 4 11
15 19 30
8 11 19
1 3 14
4 7 22
3 6 7
18 20 10
18 21 25
15 19 10
7 10 22
4 7 21
8 11 30
17 20 21
20 22 5
12 14 19
1 2 12
14 17 12
23 2 30
13 17 4
0 5 15
4 7 11
6 8 15
6 10 21
20 0 5
9 11 7
16 20 26
16 19 2
7 10 7
1 3 13
4 9 25
18 19 14
4 9 15
7 11 27
17 19 18
10 13 27
22 0 27
0 1 4
21 2 7
7 9 19
18 22 14
13 15 5
9 12 1
12 14 1
15 18 25
22 1 7
7 8 12
23 2 25
23 4 4
10 12 15
12 16 24
2 4 13
7 12 10
22 0 11
23 2 18
18 20 29
8 11 12
20 23 8
13 16 5
15 17 16
20 22 5
15 18 20
0 3 25
16 19 4
14 17 11
18 20 25
19 22 12
9 11 24
5 8 10
22 1 13
10 14 10
18 23 28
10 13 5
1 5 13
22 1 23
2 5 3
11 11 23
18 18 20
11 16 5
7 8 11
20 1 24
19 21 30
2 4 13
2 5 7
0 3 24
7 10 30
7 11 20
19 21 17
21 0 25
5 9 14
14 17 5
1 5 1
17 19 6
2 5 28
18 22 6
13 17 6
11 14 7
23 2 4
12 15 27
10 13 18
16 19 10
2 6 19
20 0 24
9 14 9
9 12 7
14 16 13
13 15 11
1 5 8
20 23 14
21 1 18
16 18 26
20 0 27
2 7 12
17 20 7
1 3 6
20 0 27
15 18 6
13 15 10
22 2 6
18 22 19
19 23 22
2 5 2
2 5 15
14 15 2
6 9 10
17 18 15
15 17 25
0 3 8
5 7 19
6 9 5
15 18 18
21 23 17
0 5 24
22 2 6
23 2 7
8 11 25
3 6 12
16 20 15
13 17 5
18 21 21
22 1 8
13 17 5
19 21 18
8 11 6
0 4 8
11 15 7
3 7 6
16 20 29
8 11 6
18 22 6
13 15 15
1 4 1
15 18 24
16 19 14
11 14 1
1 3 6
1 4 21
7 11 9
1 3 30
5 9 14
11 13 5
2 3 17
10 12 13
23 2 6
10 12 28
10 13 24
23 3 12
2 4 20
10 12 4
5 8 5
8 12 2
13 16 23
21 23 8
14 17 2
13 15 9
4 8 21
4 8 3
11 14 16
1 5 14
0 4 9
19 0 14
5 8 12
22 2 21
8 10 23
11 16 3
4 7 30
7 11 29
14 16 23
18 20 11
8 10 7
9 12 12
9 10 18
20 0 10
12 15 20
5 7 25
16 19 16
12 15 20
8 12 2
12 15 18
5 10 12
5 7 23
23 3 25
2 6 13
4 7 16
12 15 29
10 12 7
22 23 24
19 21 10
7 10 25
4 9 12
8 11 12
7 10 6
18 21 5
9 12 4
4 4 15
0 4 2
10 14 2
7 9 26
21 0 14
13 17 28
5 10 1
16 21 19
11 13 25
7 11 9
18 22 24
2 4 25
23 1 27
20 0 23
10 11 19
9 12 15
22 1 17
3 6 2
14 18 17
2 3 19
14 17 20
4 8 29
15 18 7
22 2 1
22 0 30
4 7 20
17 20 9
21 0 7
2 4 15
11 14 21
8 11 28
5 6 21
16 18 29
16 17 3
1 3 20
11 13 9
19 23 13
16 19 13
17 21 27
7 9 22
0 2 17
22 2 30
16 19 15
13 15 5
13 16 28
11 15 3
5 6 30
21 0 8
11 13 7
9 14 12
10 12 26
23 3 4
7 9 6
7 10 19
21 0 8
14 16 13
11 14 19
18 19 19
17 18 5
11 12 30
3 6 5
5 10 9
23 4 9
12 14 29
16 21 29
8 12 27
21 0 2
0 2 26
1 4 11
10 13 14
21 0 17
10 12 24
5 8 6
20 23 5
3 6 5
10 12 5
3 7 30
6 8 5
8 10 11
0 2 4
10 13 2
15 18 24
13 17 28
8 9 30
23 2 25
15 18 7
23 1 29
17 20 5
15 18 24
15 19 3
8 12 24
9 12 2
18 22 24
8 11 13
3 3 8
1 4 5
17 20 29
4 6 23
8 11 7
22 1 19
23 2 5
7 9 17
2 3 7
8 11 6
3 5 26
21 23 2
8 10 26
2 5 4
9 11 13
0 3 12
5 10 7
20 23 12
5 7 16
21 0 3
13 16 19
15 18 3
15 18 2
16 19 14
3 5 20
15 19 21
6 10 9
15 19 26
16 19 24
16 20 3
9 11 19
14 17 17
12 15 12
19 21 15
14 17 30
20 22 7
23 3 13
10 13 1
19 23 1
2 5 24
12 15 3
15 21 6
5 8 14
13 16 27
4 7 11
17 21 20
4 7 18
1 3 15
18 21 5
14 18 3
17 17 26
4 8 6
11 13 30
3 6 5
3 7 10
15 18 27
18 19 18
6 8 27
6 9 20
22 2 21
18 21 14
3 5 27
2 6 3
0 5 16
5 8 25
17 21 21
14 16 28
2 4 2
23 2 19
11 15 4
7 10 11
5 7 7
23 2 8
14 18 8
6 9 24
23 3 30
9 14 10
10 14 19
18 19 12
15 17 15
1 5 25
0 3 1
5 8 28
5 9 30
0 3 18
11 14 30
18 22 11
11 15 15
17 21 7
20 22 23
7 8 10
11 13 30
0 2 16
23 2 11
20 23 11
3 5 22
5 8 26
18 21 15
14 17 16
15 16 27
18 19 5
6 9 14
5 6 15
19 23 24
14 18 27
2 5 4
5 9 9
7 11 5
20 23 21
4 8 21
23 2 28
4 9 3
20 0 28
22 1 22
2 6 3
2 5 20
14 16 25
6 8 4
18 20 1
22 22 4
21 22 23
11 14 5
14 17 12
7 10 9
13 17 25
14 18 29
20 23 26
21 0 11
9 12 2
12 16 28
15 18 3
7 9 5
7 11 30
10 12 17
4 7 22
1 4 2
10 11 30
17 19 22
0 5 17
9 13 24
11 14 15
5 8 23
16 18 14
20 22 23
19 22 24
19 21 2
19 20 19
13 16 15
8 12 5
4 8 15
13 16 1
2 5 19
5 8 7
14 18 14
17 18 27
6 8 16
5 8 18
15 18 16
4 7 2
3 4 27
11 14 12
11 15 27
10 12 28
14 18 29
19 22 15
9 11 3
4 7 23
21 23 28
12 14 17
4 9 13
13 15 4
14 17 15
19 23 2
0 5 14
5 8 2
23 2 8
16 20 25
23 2 25
15 19 12
8 13 3
12 15 4
7 11 9
14 14 20
10 13 1
4 5 14
17 21 30
19 0 15
18 20 6
12 14 6
17 20 19
17 20 15
13 17 16
1 4 26
3 7 9
9 9 3
16 20 3
3 6 7
10 13 21
11 13 29
0 3 2
6 8 21
11 13 29
22 0 22
21 1 30
3 8 21
23 2 15
3 6 10
5 8 5
11 14 6
8 10 7
7 9 28
16 20 26
8 11 9
2 5 15
12 15 28
9 12 22
4 8 29
7 9 8
23 1 17
1 5 11
3 7 21
16 19 29
2 5 6
17 19 30
10 15 17
1 4 2
14 15 19
3 5 2
7 10 13
21 1 6
14 17 30
1 3 4
20 0 4
14 16 10
4 5 20
18 20 23
23 2 29
10 14 25
0 4 17
18 20 11
4 7 26
21 23 15
19 21 1
3 5 30
5 6 17
20 0 10
21 22 2
21 1 24
4 8 12
23 2 10
22 0 7
22 2 19
8 12 4
10 15 4
16 18 18
23 1 30
20 22 6
7 10 23
22 1 22
9 10 27
0 5 11
23 1 4
2 4 14
19 22 25
17 21 5
20 22 26
11 13 29
11 14 7
23 0 17
18 22 28
23 3 21
16 20 23
21 2 19
21 1 24
18 20 5
6 10 29
19 22 5
19 21 15
1 4 1
11 15 4
12 14 12
6 7 20
1 5 3
6 8 29
7 10 28
20 22 10
18 21 24
6 8 4
1 3 5
13 16 23
23 1 3
1 4 26
12 14 20
23 4 13
21 1 1
1 3 16
18 19 18
20 23 22
9 11 11
13 15 3
8 11 2
2 6 15
10 12 21
18 21 23
11 14 20
20 0 24
9 13 1
19 23 23
15 17 13
15 18 16
10 13 27
10 15 24
7 10 4
4 8 13
21 0 1
0 2 28
17 18 6
7 10 25
20 0 16
19 21 9
5 7 4
12 15 9
17 21 3
19 23 5
13 16 10
16 19 4
11 16 14
12 14 7
1 4 29
22 1 13
1 5 15
9 12 24
7 10 24
21 1 30
3 5 13
6 9 16
6 11 6
12 16 7
8 11 2
5 7 3
14 16 24
19 21 22
1 4 22
9 13 1
18 22 3
4 7 2
14 19 27
20 22 6
11 15 8
16 19 26
1 4 21
20 23 21
6 7 6
4 5 23
22 0 6
5 8 22
22 0 19
4 7 25
19 22 24
12 16 11
13 16 20
7 12 20
8 11 12
15 17 15
2 5 11
7 11 27
14 17 19
1 2 22
20 0 10
18 21 5
23 1 5
5 9 14
19 22 4
14 19 6
3 5 17
1 5 28
4 6 19
15 19 9
20 23 22
22 2 7
15 19 12
21 0 20
3 7 2
2 6 10
22 0 24
10 13 25
15 16 24
16 20 6
15 19 9
18 20 28
3 6 22
0 4 4
8 11 20
12 13 23
22 0 5
6 10 8
8 11 28
1 4 14
21 0 16
2 4 19
11 13 21
8 11 27
16 18 2
6 9 18
11 16 20
4 6 25
8 12 27
8 11 24
5 7 8
0 2 22
19 21 13
2 5 12
21 0 29
12 15 24
0 2 4
3 6 30
11 13 10
7 9 27
8 11 15
1 5 8
15 20 25
23 1 2
2 5 30
15 17 25
0 4 2
19 22 20
15 19 19
19 0 14
10 15 11
1 4 1
22 0 12
8 10 1
6 10 7
17 20 19
19 23 12
9 11 3
0 1 17
23 2 26
21 1 24
0 2 8
23 0 4
3 6 30
15 18 11
8 11 4
8 10 18
16 18 18
19 21 30
16 19 27
14 16 2
4 7 18
2 6 30
22 2 14
10 13 12
17 20 2
7 11 10
11 14 28
16 19 5
0 5 10
1 4 29
2 6 28
23 1 27
14 17 30
8 12 20
1 5 2
21 23 6
0 4 26
6 10 8
16 19 9
5 8 1
0 4 2
14 17 21
1 5 11
19 21 1
22 0 14
20 0 18
0 3 10
2 6 5
21 0 16
14 16 29
23 3 6
17 19 10
2 6 21
11 15 21
5 8 10
18 1 12
11 13 28
20 23 18
16 18 18
0 2 23
0 4 1
20 23 15
10 13 28
8 13 26
22 2 11
22 3 3
18 23 28
10 13 8
5 8 16
19 20 9
1 5 18
0 4 20
3 6 17
16 18 28
3 7 8
23 3 22
13 16 8
19 21 18
1 5 9
5 10 29
13 15 26
17 21 15
16 20 2
22 1 29
19 0 26
15 17 21
1 5 5
9 12 30
4 6 6
13 16 17
17 19 15
11 15 29
11 14 18
2 5 7
21 1 5
18 21 22
12 17 11
10 13 4
4 9 23
23 1 3
9 13 7
8 10 20
0 3 26
1 5 28
22 3 25
9 12 28
22 1 1
0 4 11
16 18 30
19 0 29
19 22 4
7 11 17
12 16 8
18 21 26
16 21 9
7 10 27
3 5 30
10 12 27
20 23 2
13 16 12
18 21 7
20 22 9
6 10 30
0 3 9
0 2 1
4 5 25
13 15 28
4 7 24
17 20 28
6 9 10
6 9 1
13 16 9
9 11 27
16 19 17
6 9 1
6 10 3
23 2 5
13 15 26
23 1 26
10 14 5
15 17 22
14 17 22
19 23 3
9 11 6
21 1 10
17 19 2
23 3 20
21 0 30
3 6 14
2 5 2
20 0 1
6 8 11
9 11 23
20 23 23
14 18 21
3 7 2
13 15 4
11 13 14
0 2 21
19 23 15
5 9 26
9 12 23
17 20 30
17 21 26
4 8 1
19 22 19
1 6 3
20 23 7
8 12 13
13 15 25
13 16 15
19 22 7
14 18 23
12 16 19
9 12 18
16 19 13
16 18 18
14 16 24
20 1 18
7 10 1
2 5 3
17 20 22
18 0 3
7 9 24
12 16 18
12 17 27
2 6 10
9 12 27
2 5 30
13 16 11
10 12 16
7 11 14
19 21 18
20 23 11
11 13 13
8 11 2
2 4 9
20 22 19
4 8 6
23 1 5
11 14 13
21 0 1
1 5 13
21 23 16
21 2 29
8 10 7
23 1 22
4 6 16
12 14 23
3 7 3
5 8 24
5 7 29
0 5 24
7 10 1
6 8 1
11 16 6
9 13 29
23 2 11
9 11 9
9 12 20
9 12 9
16 17 6
13 16 18
7 9 23
17 19 24
18 21 4
1 5 2
1 5 6
22 2 23
20 23 6
11 13 8
14 16 3
19 22 9
22 2 10
11 14 24
1 5 10
22 2 28
0 1 14
6 9 14
4 7 27
19 21 11
6 7 19
14 16 6
14 15 3
20 22 4
21 1 29
14 17 16
6 7 29
10 13 13
16 19 18
5 6 26
20 23 18
17 18 20
13 16 23
15 19 18
0 4 15
3 5 5
7 11 23
0 3 23
21 0 28
23 1 26
17 19 13
0 3 4
17 20 10
9 12 3
22 2 7
4 7 23
1 3 2
22 1 8
3 5 17
6 9 2
22 1 1
22 2 9
6 11 13
6 11 5
11 13 20
16 19 21
7 11 1
20 0 6
12 15 23
3 5 26
1 5 29
10 12 15
15 18 28
16 19 13
14 17 27
11 15 11
16 20 28
17 20 23
19 22 11
11 14 13
16 18 30
9 12 7
5 8 7
12 16 15
8 12 17
18 22 13
7 11 10
7 10 23
13 15 13
7 10 21
20 22 3
2 6 2
1 3 10
0 3 12
20 0 20
16 19 15
14 19 15
15 19 17
17 19 1
1 5 25
1 4 17
19 23 16
14 18 27
16 18 29
19 23 11
0 4 6
18 20 14
3 6 5
16 20 1
17 20 21
12 14 5
21 23 6
17 19 14
8 10 9
10 13 26
20 23 15
12 17 16
16 17 10
5 7 8
2 4 25
13 16 8
21 0 2
3 5 9
13 16 26
16 20 28
1 4 5
14 17 8
19 23 26
8 12 9
12 13 17
2 5 7
14 18 27
19 21 4
4 8 30
3 7 10
8 12 1
6 9 28
21 0 20
4 7 4
20 1 15
12 16 7
11 16 5
8 13 10
13 17 18
4 7 9
15 18 29
3 7 7
18 20 23
12 15 21
18 21 5
22 1 7
2 4 28
19 22 30
5 9 22
10 13 3
21 0 4
23 3 27
7 11 12
13 16 29
15 19 7
15 19 19
7 10 11
22 2 2
22 2 26
6 9 7
5 8 21
21 0 6
15 19 19
13 16 26
21 0 7
18 20 16
6 8 1
3 6 11
22 1 8
21 0 8
13 16 5
4 8 17
4 6 16
16 18 18
12 15 12
0 3 23
9 12 16
10 12 13
2 6 3
0 2 14
16 19 19
2 6 24
3 6 21
13 15 4
8 11 1
5 8 11
12 16 5
19 23 17
0 3 13
18 22 25
14 16 12
1 5 7
19 22 24
17 20 27
20 22 2
21 1 13
1 5 6
16 21 25
20 23 16
23 1 1
5 7 17
18 22 9
20 1 20
0 2 12
9 12 30
10 12 15
6 10 23
14 16 28
19 22 6
14 15 14
4 7 6
14 15 16
4 7 15
20 22 28
12 15 10
17 20 13
19 22 9
23 1 8
0 2 22
12 16 7
22 1 7
4 8 10
19 22 9
6 9 9
21 1 26
8 10 13
12 15 20
18 20 9
22 1 15
17 21 28
21 23 7
15 18 2
18 21 2
17 21 9
16 20 24
19 0 11
17 20 29
15 17 20
11 15 1
16 20 16
13 15 21
9 12 16
22 0 7
11 13 11
3 7 27
14 16 22
21 23 29
23 2 17
2 6 10
10 13 6
10 15 27
1 3 10
6 9 15
13 16 16
6 10 9
19 23 26
15 18 3
13 16 20
1 4 7
2 5 22
13 17 1
15 16 9
13 17 8
9 12 9
10 13 11
1 4 6
2 4 20
7 10 13
7 9 2
3 5 15
14 16 16
22 2 8
20 23 1
13 17 17
6 9 21
23 3 9
22 2 18
18 19 20
22 2 29
0 3 26
16 20 3
22 2 7
20 23 27
19 22 21
5 7 14
6 9 30
3 7 6
14 17 24
0 1 2
21 0 30
14 16 27
13 15 27
22 1 3
14 16 24
9 13 6
7 10 9
15 18 3
20 22 2
1 4 21
9 12 26
3 5 12
23 3 2
17 19 21
2 3 8
2 4 28
22 2 1
23 3 6
2 6 23
11 14 30
19 22 9
22 2 24
5 10 2
7 8 28
5 5 18
6 9 9
4 6 14
18 21 20
8 12 6
13 16 24
0 3 23
1 4 21
6 10 14
17 20 20
5 8 29
18 21 5
21 0 19
13 17 12
7 10 2
18 22 24
5 9 27
1 4 12
20 22 4
7 7 18
3 6 7
12 14 17
8 13 20
15 18 16
23 2 8
21 23 29
11 14 1
3 6 30
16 21 27
6 7 27
13 15 22
6 7 16
10 13 22
3 5 8
15 17 22
4 6 22
20 23 29
0 3 16
19 22 21
10 13 22
20 22 4
5 8 12
16 18 11
14 17 12
9 12 29
19 23 19
15 19 16
9 14 12
21 1 8
16 18 6
18 22 30
6 10 7
19 22 18
6 8 17
14 18 30
21 0 1
19 22 15
18 21 10
6 8 20
20 23 30
6 9 7
22 1 11
1 5 28
2 6 14
3 6 4
2 4 13
8 10 22
2 6 29
17 20 22
3 6 6
20 22 13
1 3 10
7 10 29
12 15 19
10 13 5
9 12 24
22 2 11
17 19 16
23 3 21
15 17 21
22 1 21
1 4 8
15 16 11
23 1 18
11 16 8
22 3 21
3 5 1
2 6 17
23 2 20
15 17 6
3 6 8
21 0 20
23 1 24
23 2 10
18 20 10
6 10 8
16 20 6
16 20 19
22 1 9
14 16 17
3 4 4
9 12 21
1 3 18
1 6 9
11 15 26
10 12 12
17 20 10
7 10 9
13 15 25
6 10 24
3 6 21
2 5 12
2 6 27
23 2 25
21 22 21
21 23 26
16 21 1
14 17 6
14 18 11
9 12 9
0 3 17
7 10 14
11 15 5
13 18 10
6 11 21
12 15 7
23 1 2
21 23 14
16 19 8
7 9 24
0 2 25
15 20 27
20 23 19
8 13 21
20 23 29
4 7 27
22 1 4
19 22 15
21 0 7
7 11 13
6 7 8
11 15 4
1 4 15
20 23 26
0 2 25
3 7 27
8 13 11
20 22 14
12 14 5
0 3 28
12 16 27
6 10 2
1 4 14
10 14 28
7 11 9
18 20 24
11 13 9
22 0 15
0 3 25
5 9 15
19 22 26
2 4 7
12 15 22
8 12 27
23 3 16
12 15 25
10 13 13
1 5 22
11 13 4
7 11 29
15 19 24
17 20 15
5 8 22
10 14 26
19 22 12
11 14 3
1 4 6
2 5 24
12 15 3
3 6 5
2 3 17
15 18 4
11 16 7
4 7 25
21 23 10
8 12 12
21 1 22
17 20 19
21 0 14
12 16 21
7 10 12
20 22 5
12 16 3
18 22 6
7 10 28
12 15 8
19 23 28
7 10 4
13 15 12
18 20 16
7 10 10
1 3 17
3 7 8
9 12 11
20 22 21
20 0 17
8 10 15
23 2 10
0 5 18
6 10 8
17 21 23
3 7 16
12 16 17
17 21 29
21 0 30
23 2 24
17 19 14
16 18 1
4 7 9
21 1 22
16 21 20
21 0 20
16 20 22
3 6 2
23 2 26
13 17 5
5 8 3
7 10 24
15 18 21
15 19 4
4 7 27
17 20 9
9 13 18
2 5 14
14 17 27
23 3 28
2 4 1
16 21 17
15 16 22
17 19 8
15 17 20
20 23 5
19 21 27
17 20 12
0 2 19
2 6 2
19 23 18
11 15 6
6 7 24
23 2 9
23 1 26
16 18 13
15 17 13
20 22 1
15 18 28
8 11 12
14 17 10
11 13 27
22 1 7
13 17 22
11 14 15
2 5 22
23 1 3
19 23 13
6 10 9
1 3 3
15 16 27
10 13 5
13 17 10
10 14 30
8 12 12
1 5 18
2 4 29
4 7 18
9 13 30
20 1 27
22 1 8
12 15 23
12 14 15
23 3 18
5 8 15
1 4 25
15 18 14
3 8 5
15 18 10
18 20 13
3 6 15
13 17 27
11 14 16
14 18 12
12 16 28
7 8 10
3 6 22
1 6 7
22 1 14
8 10 25
5 10 26
0 4 13
0 4 16
14 15 3
22 1 21
20 0 14
1 3 11
20 0 5
8 11 24
9 12 5
4 3 29
5 8 25
16 18 21
8 10 21
1 5 14
9 14 29
14 17 21
12 16 23
10 13 19
18 21 21
20 22 17
4 8 23
5 7 11
11 15 9
16 18 6
16 19 2
6 9 16
3 5 30
21 23 19
4 6 27
5 9 16
7 10 3
15 18 17
7 10 21
6 9 29
23 2 8
13 18 17
9 13 27
8 12 12
10 12 7
22 2 28
15 18 26
14 18 9
19 21 3
7 12 23
6 7 30
11 15 13
11 14 12
4 6 18
21 1 2
9 12 27
12 15 24
10 13 5
17 21 15
19 22 25
8 10 27
11 15 21
17 20 29
19 22 4
2 5 6
23 1 6
0 4 25
17 19 3
15 19 1
14 17 2
4 8 21
17 21 13
1 5 4
12 15 21
17 20 4
1 3 28
13 16 30
21 0 28
16 19 7
13 17 10
4 7 28
7 10 27
6 8 19
16 18 24
6 9 24
6 9 22
18 23 29
16 19 10
7 11 8
18 19 25
15 19 8
10 12 28
1 6 16
3 6 2
5 7 27
17 20 8
16 21 24
17 18 15
22 2 18
18 21 10
20 2 9
3 6 19
19 22 1
16 20 1
7 8 30
14 17 1
15 19 6
18 20 20
10 13 23
12 15 17
20 23 9
9 11 22
7 11 23
10 13 20
19 23 28
2 6 30
1 3 4
7 10 3
2 5 14
15 19 20
7 9 3
1 4 3
19 21 11
17 21 18
21 23 13
21 22 5
7 9 8
12 15 4
9 13 30
2 5 13
22 1 28
2 5 7
4 7 14
0 3 13
0 2 11
8 9 9
5 7 23
10 12 20
14 16 3
21 22 14
5 7 20
0 4 1
1 5 25
22 1 16
11 13 18
14 18 16
12 15 5
16 19 26
12 15 13
3 7 15
12 17 10
8 9 27
13 14 17
19 21 24
17 19 20
6 11 16
2 6 28
5 8 27
7 9 24
4 8 20
12 14 16
11 15 30
23 1 30
22 0 5
4 5 18
17 20 9
0 2 13
8 12 1
16 18 7
23 2 5
17 21 22
13 17 28
12 16 25
16 20 27
4 7 29
10 13 28
13 16 5
10 11 30
0 3 27
2 4 5
17 21 22
7 10 17
7 10 25
9 13 11
19 21 25
1 4 14
19 21 13
0 3 28
1 4 3
21 1 28
14 18 20
13 16 21
11 13 1
7 10 16
3 7 15
0 3 19
17 20 22
18 23 11
14 17 13
7 9 27
14 15 9
5 7 20
23 3 1
1 4 10
13 15 20
17 20 17
11 12 19
21 1 24
16 18 12
0 4 6
7 9 23
13 16 25
12 17 9
18 20 1
23 4 15
9 11 19
16 20 7
15 19 25
21 1 13
13 16 23
17 20 2
23 2 12
5 9 24
21 0 23
6 8 28
4 8 26
2 5 1
12 15 17
13 16 16
15 18 28
18 21 16
18 20 10
10 13 26
19 23 12
19 23 5
2 5 18
15 19 8
8 11 19
18 20 21
2 6 24
21 23 25
0 2 12
12 15 18
14 16 30
18 21 1
6 9 9
19 23 29
14 15 14
17 20 17
15 16 29
7 9 15
2 4 1
13 16 22
2 4 29
6 9 9
5 7 26
0 4 10
6 9 18
16 18 23
8 10 3
20 22 9
17 19 13
8 11 1
4 6 19
8 9 16
4 8 3
17 21 28
20 23 4
1 6 10
15 18 1
22 2 18
12 15 3
12 15 12
15 20 25
12 15 13
12 16 18
7 9 12
8 12 23
21 23 23
9 13 5
15 18 28
12 16 5
2 6 23
16 20 27
8 11 14
3 5 8
21 23 25
22 2 30
10 13 23
17 19 23
21 23 3
10 12 20
6 11 26
12 17 8
22 1 7
3 5 30
11 14 17
22 3 4
19 21 17
16 16 9
17 22 26
14 16 16
23 3 14
13 15 13
5 7 29
18 22 18
9 12 17
13 17 22
10 13 5
4 7 19
17 21 30
22 2 15
2 6 30
14 17 16
11 15 2
23 2 15
22 2 9
3 7 14
23 0 19
22 2 14
0 3 7
17 20 14
22 1 10
11 14 19
22 1 1
1 2 18
7 10 25
14 17 16
7 9 5
4 9 21
13 15 5
1 5 4
12 14 13
18 22 25
9 13 3
6 8 18
8 12 27
7 10 25
4 7 23
7 9 27
2 5 18
21 3 10
1 3 28
20 0 9
22 0 21
16 19 27
2 5 11
17 20 6
0 3 21
19 22 2
11 15 25
8 13 19
23 2 16
12 14 6
22 2 20
10 11 23
6 10 8
23 0 15
23 1 18
19 22 28
16 21 13
7 9 11
2 5 17
16 18 5
16 18 8
17 19 20
19 20 17
5 7 11
12 14 2
4 7 16
0 3 29
3 3 10
8 10 13
13 17 10
15 18 11
3 5 30
22 1 11
17 20 8
21 23 19
12 14 1
6 9 1
18 22 8
4 8 12
21 23 7
2 2 30
18 21 2
3 5 29
13 17 28
23 2 12
11 13 15
21 1 3
21 23 6
13 15 4
4 6 26
12 15 9
22 2 9
16 19 25
23 1 26
6 11 11
15 17 17
21 22 2
4 8 2
5 7 10
22 3 13
17 21 1
21 0 12
7 9 26
11 14 25
6 10 11
10 13 26
4 7 29
21 0 20
15 18 6
8 9 10
14 17 6
7 11 22
20 22 4
9 11 10
18 22 27
21 1 19
8 11 11
10 14 2
4 8 24
1 5 17
0 3 7
12 14 9
5 6 25
18 21 25
12 15 4
17 20 10
12 14 14
5 8 4
10 12 9
16 19 13
9 12 18
16 19 17
10 13 25
8 12 15
22 1 2
18 20 1
4 5 8
5 8 3
1 5 27
2 5 26
18 21 29
16 20 13
12 14 18
18 22 29
16 18 24
3 6 20
19 23 14
9 10 28
4 6 28
16 18 23
3 4 11
20 0 19
21 23 27
3 6 2
4 8 23
15 20 28
1 3 13
10 12 29
20 1 10
7 10 16
3 6 12
3 6 13
19 23 18
23 3 14
12 14 27
22 1 20
8 12 13
18 21 27
22 3 17
21 1 7
6 8 5
10 13 1
15 18 17
11 13 11
16 19 15
14 18 14
14 15 25
20 23 27
15 19 15
18 20 25
10 14 20
20 23 16
11 15 9
7 10 24
6 10 21
8 12 4
9 11 21
18 21 3
16 20 10
13 16 2
16 19 14
16 19 19
16 19 23
3 6 5
20 0 2
11 15 2
15 17 27
9 12 23
3 5 20
19 22 6
11 16 3
21 2 20
11 13 9
4 6 5
13 16 28
8 9 22
6 10 27
3 6 14
7 10 20
4 7 4
20 0 23
19 21 6
7 11 19
9 13 17
18 22 7
1 3 19
22 0 8
11 14 19
6 9 16
9 11 28
4 7 12
23 2 29
4 6 28
15 19 6
17 21 11
19 23 2
21 1 21
7 11 28
8 11 28
16 19 22
17 20 28
2 4 7
20 0 4
12 16 5
23 1 5
16 21 14
13 17 15
6 8 2
9 13 19
15 19 8
1 3 17
20 23 16
4 6 22
14 19 10
19 23 2
0 4 21
9 10 19
8 9 19
0 3 22
7 11 27
6 8 25
6 10 5
14 18 3
13 15 16
18 22 5
6 9 2
6 9 29
1 4 22
16 18 28
16 18 13
5 8 29
9 12 1
6 8 17
19 21 19
7 9 28
16 20 29
0 0 16
13 15 3
7 11 19
10 13 5
2 5 23
18 22 8
21 22 13
17 19 20
5 9 28
12 15 1
3 5 22
21 1 2
11 12 22
2 5 14
21 0 18
14 16 29
23 1 12
15 15 30
20 23 6
18 21 22
15 19 26
8 11 20
23 1 10
7 10 20
17 21 25
16 18 28
11 14 28
10 14 9
1 4 10
19 23 11
19 22 20
8 12 15
10 14 16
3 5 8
22 1 21
15 18 18
20 23 3
6 8 23
6 9 16
23 2 27
13 15 4
0 3 14
5 6 4
20 22 24
4 8 18
11 15 24
15 19 19
19 21 2
7 10 12
11 14 21
9 10 20
23 2 2
0 3 30
3 6 30
13 15 29
17 21 20
0 3 4
21 22 14
19 23 23
16 20 24
2 6 9
22 0 6
12 15 11
6 10 28
12 14 6
8 10 26
20 22 11
1 5 28
2 4 21
12 16 6
18 22 14
6 9 23
10 12 1
19 22 16
11 14 27
4 8 30
8 11 13
2 5 27
1 4 7
20 23 25
16 20 7
23 0 28
20 23 26
23 1 14
14 18 3
17 22 13
23 1 15
12 15 26
13 15 16
11 14 24
9 12 6
4 6 3
3 7 19
8 11 15
6 11 9
12 16 19
2 5 16
13 16 3
17 20 27
13 15 17
21 1 3
22 1 10
8 11 15
17 20 8
11 14 13
20 23 14
16 19 7
2 5 22
6 10 12
2 5 1
13 16 21
18 22 28
8 10 29
15 19 22
1 3 21
20 1 1
4 8 13
6 9 28
9 11 5
11 13 20
6 9 15
21 23 18
15 19 23
0 3 8
22 1 8
18 20 23
2 5 7
7 8 3
9 13 10
4 8 7
16 19 9
20 0 22
7 9 12
10 12 24
19 22 16
10 13 28
17 21 19
23 2 24
18 21 2
3 6 20
8 10 25
19 23 27
11 13 2
7 9 20
1 4 15
0 2 14
6 11 1
1 4 19
21 0 15
19 20 23
16 19 14
14 17 17
16 21 7
4 7 17
10 13 8
18 21 24
9 11 7
7 11 11
10 13 29
6 10 15
20 1 6
1 4 15
7 9 12
4 8 10
13 15 27
17 23 23
14 16 9
18 20 30
19 23 22
14 18 22
19 22 7
10 15 18
15 17 2
11 14 8
12 14 4
17 20 16
5 10 11
22 1 13
17 21 23
17 21 3
13 17 16
16 17 12
2 5 7
15 20 20
0 3 6
17 18 26
17 21 5
16 19 9
2 5 16
2 5 7
21 1 3
23 1 17
0 3 7
0 5 11
12 15 29
7 11 6
1 4 9
9 13 9
22 2 28
9 12 25
16 17 13
19 22 24
23 2 20
16 18 7
2 6 27
9 11 4
20 22 4
21 1 7
4 8 23
8 10 7
20 22 23
7 9 6
13 15 19
13 15 3
6 10 15
16 19 7
1 4 18
10 14 30
19 0 20
3 5 20
16 19 16
17 20 9
11 14 2
20 20 23
9 13 15
11 13 29
8 10 11
10 13 8
17 22 20
14 18 17
18 21 11
21 23 28
21 1 7
5 6 13
6 9 3
0 2 18
9 12 2
9 11 16
11 14 17
22 3 24
7 10 6
20 0 11
4 5 30
14 18 28
0 2 22
19 20 19
6 8 14
21 22 17
15 21 20
10 13 29
15 17 18
13 15 17
11 16 19
0 5 3
20 22 19
19 22 30
12 16 17
21 1 4
7 10 7
2 5 10
1 4 1
11 13 19
20 22 27
19 21 22
2 6 4
15 17 21
14 17 8
18 20 8
0 2 21
13 16 24
11 14 10
3 6 28
6 9 14
11 14 28
2 4 18
21 22 12
13 16 22
15 18 15
19 22 13
12 13 4
0 4 19
17 18 25
10 12 24
8 11 12
10 13 8
13 16 28
5 7 11
1 5 15
10 13 25
9 12 8
7 9 8
1 3 9
5 8 4
10 15 8
7 12 23
20 22 6
2 4 17
10 11 22
4 7 25
1 3 18
5 8 23
17 19 1
20 0 23
11 15 7
15 18 14
19 23 19
23 1 18
19 23 30
7 9 8
5 8 20
10 12 1
14 17 6
13 17 19
23 1 8
18 21 11
21 1 30
14 18 13
10 15 29
2 5 22
23 3 10
12 15 10
10 11 20
14 17 4
3 6 6
3 5 12
9 13 23
7 8 25
15 16 14
13 18 1
9 10 26
21 23 18
3 7 21
5 9 9
16 19 29
14 16 9
15 18 14
19 22 8
1 2 22
6 7 2
23 3 7
12 14 11
6 8 4
5 8 15
19 22 28
12 16 12
13 15 2
3 6 1
6 9 5
15 16 1
1 3 15
16 18 5
19 20 28
20 1 14
22 2 11
23 2 16
4 8 25
5 8 15
20 1 9
9 12 7
3 6 22
13 16 10
15 15 22
14 17 22
7 10 21
5 7 4
13 16 4
5 10 29
10 14 5
15 17 12
7 12 9
7 9 10
7 11 21
1 5 29
11 13 1
20 0 6
0 3 19
11 13 29
10 13 30
4 7 13
19 23 28
2 3 7
16 19 6
3 7 2
17 19 30
15 19 25
20 23 15
23 0 18
7 10 12
14 16 9
21 1 9
4 7 19
3 6 5
18 23 15
23 0 2
20 0 24
4 6 13
20 23 3
11 14 5
10 11 1
20 0 3
3 6 21
8 11 5
4 7 9
7 12 5
7 9 10
22 0 7
18 22 4
0 2 3
12 15 12
22 0 15
18 20 21
18 22 8
4 8 19
21 0 16
2 5 6
23 3 25
5 5 12
22 2 24
3 7 20
16 18 25
15 18 7
9 13 30
1 2 19
14 17 22
10 12 2
6 10 21
19 21 29
3 8 21
15 18 27
2 6 8
19 23 7
16 18 12
15 19 11
2 7 9
4 6 11
16 20 9
16 21 17
19 21 16
15 18 21
0 4 8
12 15 19
1 4 2
17 20 26
10 14 12
4 7 8
18 20 20
23 2 15
12 14 26
0 2 24
15 17 7
1 4 19
16 19 7
10 13 29
0 3 18
23 2 22
15 20 22
10 12 23
17 20 23
23 1 25
7 10 10
16 17 4
2 5 29
18 21 13
21 0 13
17 21 4
13 15 2
4 7 30
7 8 11
16 20 12
2 4 9
22 1 29
1 3 13
6 9 5
8 13 15
21 1 5
23 1 12
5 9 22
10 11 12
21 1 5
23 2 25
17 20 7
16 18 12
2 5 22
17 18 15
12 15 13
20 22 12
1 6 2
19 23 4
13 17 2
12 15 29
4 8 29
3 6 8
22 2 4
10 15 20
18 20 5
23 3 14
3 5 14
18 22 17
1 5 12
17 21 21
12 14 10
0 3 8
16 19 9
18 19 12
21 1 28
8 12 9
11 14 25
18 21 15
7 9 23
23 0 17
22 1 23
23 2 8
14 17 6
17 21 29
4 6 2
11 15 14
13 17 14
13 17 8
8 10 29
12 14 12
20 21 17
8 12 17
21 1 15
15 17 22
4 8 24
10 11 20
23 3 21
7 10 8
0 3 17
12 13 8
19 23 27
5 7 4
19 22 5
10 11 11
4 7 25
17 19 24
12 17 16
15 19 28
8 12 17
23 0 17
21 23 7
5 9 18
4 7 7
1 3 6
5 9 3
6 9 18
19 22 16
18 20 25
21 2 2
1 2 2
4 7 27
13 16 24
7 10 9
20 22 18
2 5 29
0 2 30
15 17 26
16 20 26
0 3 4
11 14 15
13 15 19
10 11 7
1 2 13
16 18 17
22 1 16
14 18 11
0 4 28
18 21 19
0 1 24
14 18 14
23 3 20
13 15 1
5 8 19
20 0 2
2 5 23
22 2 28
2 4 1
14 18 21
1 3 3
14 17 14
12 15 24
6 10 13
12 15 28
3 5 20
4 7 17
5 9 18
8 10 5
22 1 5
3 6 4
8 11 30
17 21 18
16 20 4
18 20 22
17 18 4
22 2 9
4 6 30
18 21 14
2 5 10
15 18 18
1 5 3
4 6 29
14 17 14
1 3 20
5 8 29
9 13 1
18 22 3
0 3 24
11 16 3
15 18 29
3 7 26
0 3 21
20 22 10
15 18 12
5 9 19
14 17 9
5 9 8
21 0 20
3 4 12
18 22 8
15 17 11
17 19 30
22 3 26
0 3 11
17 18 28
12 15 25
13 18 15
10 15 14
8 11 10
15 17 22
15 19 1
13 16 14
6 10 25
18 21 14
8 11 6
12 16 19
11 14 21
11 14 27
9 14 12
8 11 28
3 6 29
19 22 4
9 14 4
22 0 14
16 18 21
4 6 14
3 7 13
9 14 21
1 3 25
12 15 27
11 14 10
13 15 12
23 0 6
3 7 13
21 23 10
23 2 8
16 20 16
10 13 11
3 9 1
23 3 7
3 6 1
16 20 26
0 1 9
12 14 27
10 14 10
17 18 3
15 19 24
10 13 23
16 21 14
1 4 29
8 10 2
2 2 11
10 15 27
7 10 4
14 18 11
14 16 20
18 22 12
10 12 13
10 12 1
21 0 3
22 1 10
2 6 7
21 0 24
19 21 29
6 10 26
23 1 11
14 19 5
7 9 14
1 4 3
3 7 30
11 13 7
20 23 22
17 19 5
13 15 9
16 19 21
0 2 14
16 18 3
5 7 11
3 5 1
12 15 4
17 19 12
4 8 28
4 7 7
4 7 13
14 16 19
7 11 4
3 8 27
16 17 16
23 3 18
7 9 28
1 5 5
19 22 27
6 7 10
0 4 22
22 1 3
15 17 22
17 21 27
15 18 19
15 18 5
14 18 18
9 13 20
16 19 17
19 23 19
14 17 24
1 4 3
22 0 11
12 16 15
10 13 28
18 22 30
4 8 8
20 23 23
5 7 5
10 13 1
3 6 10
21 23 13
8 11 20
20 22 1
8 13 14
21 2 27
18 21 20
1 3 8
11 14 17
18 22 2
8 12 30
23 2 17
0 3 24
15 18 30
3 6 6
21 23 28
10 13 30
21 23 3
4 6 10
23 1 17
19 23 25
7 10 24
16 19 23
16 18 18
10 12 8
10 13 12
10 14 11
6 9 22
20 0 17
13 15 22
10 13 16
19 23 12
15 17 11
13 16 6
13 15 4
9 11 25
18 21 18
11 14 22
2 5 27
16 18 26
21 1 9
18 22 19
1 4 11
0 3 10
20 0 6
19 23 2
3 5 29
20 22 16
9 12 15
6 10 12
16 20 20
17 21 4
17 21 8
9 11 9
3 5 6
20 23 7
0 5 7
23 3 3
4 7 28
0 4 2
10 15 22
4 9 2
5 9 6
15 16 16
5 7 14
7 11 10
11 15 11
15 17 14
15 18 14
3 7 27
3 6 11
1 4 20
14 17 9
11 15 14
18 21 3
9 11 16
7 10 5
23 1 4
18 21 13
7 9 21
13 15 28
1 4 17
2 7 15
21 0 10
6 10 1
16 19 21
2 5 20
21 0 1
21 2 16
1 5 13
3 6 30
21 0 30
23 2 13
12 15 10
3 6 8
12 16 16
23 2 18
23 1 25
3 7 11
11 15 1
15 19 26
6 9 6
2 5 14
12 16 22
18 20 24
13 17 18
8 10 19
1 3 4
2 4 7
14 18 16
11 12 26
10 14 27
18 20 14
1 4 22
11 13 25
3 7 13
5 9 21
18 20 27
11 14 24
5 6 13
13 16 23
8 11 18
0 3 1
22 0 21
2 6 11
5 7 21
11 14 23
6 10 3
19 23 19
2 4 7
23 1 9
13 16 2
3 6 30
4 6 14
6 9 24
5 8 28
7 10 14
22 2 4
0 3 27
13 15 30
8 12 12
7 8 10
11 13 1
9 11 22
15 17 6
23 2 22
12 16 22
6 8 8
6 9 11
5 9 23
15 19 29
0 3 29
21 1 24
23 1 8
7 11 15
4 9 21
22 2 6
16 18 26
5 10 9
5 6 30
10 14 4
13 17 30
1 5 12
1 4 29
2 5 8
3 5 8
2 4 24
17 19 16
0 5 18
15 19 5
12 13 12
16 19 11
6 5 9
1 4 10
18 22 10
15 18 22
6 10 18
20 23 9
12 15 29
12 14 15
20 22 5
5 9 14
17 20 10
17 19 24
6 11 26
19 21 2
5 7 13
4 8 8
5 8 29
15 19 16
12 16 6
20 22 29
16 18 3
11 13 14
2 6 8
22 2 28
22 2 11
20 23 6
18 21 16
10 11 13
14 16 2
4 7 14
15 17 30
8 12 30
7 11 4
12 15 25
20 1 2
15 19 25
16 20 2
22 0 24
2 5 21
5 7 4
13 16 22
7 9 25
13 17 23
15 19 30
10 14 21
1 4 18
14 17 8
21 1 13
11 15 26
22 2 14
8 11 27
5 9 21
17 20 27
2 6 26
18 20 5
7 10 17
13 14 29
11 14 24
2 6 26
11 14 8
12 14 29
5 7 2
10 12 8
17 20 6
20 1 26
12 15 30
15 19 1
23 3 1
11 14 23
9 13 10
22 0 13
17 20 8
20 22 3
2 4 4
15 21 2
12 16 30
17 20 11
0 3 18
2 5 17
3 7 14
7 11 2
22 2 20
9 12 6
4 8 26
18 22 25
12 16 5
18 22 14
6 8 7
18 21 8
5 7 1
7 9 30
16 20 21
3 6 5
22 0 24
12 16 1
20 22 4
20 0 9
22 1 10
18 21 1
7 9 29
15 18 18
2 5 15
22 0 11
8 11 18
8 12 29
21 23 19
16 19 26
18 22 27
9 13 25
6 7 5
8 10 2
5 9 11
15 15 9
13 17 16
6 11 20
22 3 16
23 3 20
16 19 13
2 6 10
2 5 30
7 9 9
22 1 22
10 12 2
10 14 30
2 5 3
7 9 25
22 0 1
17 21 14
16 18 12
1 4 27
0 2 11
17 18 16
5 7 5
3 7 30
8 12 20
11 15 4
5 9 28
8 13 17
22 1 1
3 5 17
17 21 14
19 21 18
8 10 8
17 19 24
6 8 30
20 23 2
8 11 20
18 21 2
23 3 16
1 4 19
15 19 28
6 11 7
4 6 17
22 23 16
19 22 27
15 20 11
17 20 6
13 16 5
13 16 6
16 19 19
14 19 2
12 15 28
19 21 16
15 17 14
5 7 6
19 23 26
14 17 2
15 18 29
9 11 29
0 3 19
7 12 9
5 9 27
16 19 9
18 21 4
14 17 7
10 14 18
7 11 23
3 7 4
12 15 14
10 14 29
8 10 23
21 0 19
6 10 6
16 18 6
0 3 1
17 20 2
15 18 6
16 18 22
4 6 20
15 18 6
23 2 30
2 4 1
4 8 25
17 21 17
2 6 4
5 8 16
4 6 10
10 14 4
18 21 15
22 1 11
13 14 14
16 18 14
13 16 15
9 13 14
22 1 12
23 2 8
17 22 30
20 22 13
10 14 24
12 14 2
0 2 21
1 3 4
17 20 17
16 21 28
15 19 11
7 9 11
22 3 19
12 14 9
0 3 29
9 11 12
6 10 20
13 18 22
1 5 9
5 8 6
14 17 19
22 1 5
1 6 16
16 20 8
18 20 15
14 16 8
7 9 23
16 18 12
20 23 4
13 16 16
6 9 4
1 4 24
14 18 22
2 4 30
19 21 25
21 1 9
18 21 16
14 17 11
13 16 6
17 21 1
18 22 20
11 12 15
22 2 23
20 22 18
18 21 5
6 9 19
10 11 1
4 7 26
14 19 13
16 18 2
23 2 25
20 22 24
1 3 12
8 10 26
5 8 13
4 5 7
14 17 27
5 6 24
17 22 9
7 9 17
7 10 6
10 12 26
16 18 15
19 23 12
17 20 28
8 11 26
6 10 12
20 23 28
15 18 8
5 8 6
17 21 4
8 12 20
10 13 19
22 0 6
15 18 21
17 21 4
11 15 29
18 20 26
16 18 29
13 16 17
19 23 1
11 15 6
1 3 14
15 16 13
16 19 21
4 6 5
4 7 4
2 5 8
20 1 1
16 18 1
5 7 21
14 17 29
16 19 4
0 3 19
18 20 3
9 12 15
11 14 25
15 18 16
9 13 16
21 23 2
1 3 5
16 20 11
10 12 6
8 12 30
4 7 25
13 15 2
19 22 17
18 20 10
23 2 9
15 17 14
6 8 19
7 10 4
7 11 17
6 9 17
16 19 18
22 2 10
21 0 17
16 20 26
3 5 30
12 16 22
4 7 16
4 6 7
6 9 22
16 19 20
8 12 26
1 3 6
13 17 19
15 18 28
10 12 12
4 6 19
3 5 12
18 20 4
2 5 15
4 8 11
1 4 30
5 9 28
13 15 6
23 2 20
17 19 17
22 0 27
22 0 23
20 23 8
10 14 3
15 18 22
1 5 27
5 9 22
16 21 22
23 3 1
6 8 2
14 18 5
0 3 21
10 11 9
10 13 14
0 0 28
23 1 24
16 20 4
9 12 20
10 12 21
22 1 3
6 8 21
15 17 15
5 7 5
10 12 7
12 13 2
12 14 13
16 18 29
10 14 18
16 18 17
2 5 16
19 0 9
9 11 16
13 13 6
22 1 19
9 12 15
11 12 21
4 6 28
15 17 24
21 0 7
21 23 6
7 9 17
18 20 19
13 15 15
20 23 15
15 18 24
9 11 28
16 18 28
2 7 26
21 0 19
3 8 22
18 21 28
22 1 10
7 10 10
12 16 21
3 7 17
6 7 23
12 14 13
12 16 13
19 22 18
13 18 26
23 3 26
8 11 1
18 20 30
12 15 22
21 23 25
20 22 21
15 19 4
14 15 12
12 15 27
23 3 11
5 6 5
0 2 2
3 6 11
9 13 22
23 3 24
8 12 18
1 4 7
6 10 8
13 17 28
15 19 21
7 10 12
3 6 17
7 10 6
1 5 5
12 14 24
10 12 1
7 11 13
6 9 25
23 1 20
1 2 6
5 8 10
10 15 24
4 8 18
16 17 5
2 4 10
15 18 10
0 1 7
20 0 30
5 6 24
11 13 2
22 1 12
16 20 20
8 12 19
9 11 16
23 3 6
13 16 30
7 11 19
21 2 9
17 20 14
21 0 13
17 21 12
18 22 4
10 16 12
19 21 19
20 20 28
10 14 18
10 13 30
11 14 2
4 8 23
3 7 12
21 1 10
14 17 30
11 15 5
9 12 22
21 23 2
1 4 21
14 18 10
21 0 6
19 22 6
18 21 23
22 23 4
13 16 25
1 6 12
19 22 1
8 12 2
15 16 27
4 9 13
3 6 27
14 15 1
15 18 29
16 21 28
3 5 22
18 22 24
22 2 12
16 18 11
12 13 16
12 16 13
15 16 30
9 14 15
14 18 29
18 22 2
21 0 15
2 6 30
11 14 30
12 15 3
3 5 18
3 7 12
18 22 9
11 14 18
13 16 27
20 23 21
4 8 16
20 23 29
15 18 18
10 12 27
18 20 21
18 22 1
6 9 9
1 4 16
17 16 16
4 7 9
5 9 27
7 10 16
5 9 10
3 6 14
17 20 21
1 2 2
21 1 24
6 9 16
0 1 30
0 4 8
22 1 30
4 7 25
8 12 16
7 10 16
0 3 14
22 1 24
18 21 3
14 16 17
19 22 26
4 7 21
23 2 9
5 10 26
9 13 10
5 8 14
20 23 14
18 21 1
10 12 3
5 7 28
6 9 24
16 20 17
14 16 28
1 4 22
10 14 29
15 18 23
15 19 24
10 15 13
16 19 1
12 15 15
15 18 11
16 19 1
2 5 26
11 15 1
0 4 8
22 0 8
18 23 30
7 8 25
5 9 30
20 23 2
22 3 24
1 3 14
21 0 3
3 8 26
10 13 22
16 20 12
20 23 5
14 16 22
16 19 29
19 22 11
6 8 11
20 21 24
18 23 30
12 16 14
19 20 2
9 14 5
11 15 29
18 22 23
6 10 28
15 18 17
17 20 13
17 21 10
14 17 7
18 21 2
9 11 18
7 11 15
11 14 17
3 7 8
3 6 21
16 20 24
14 18 1
12 15 5
19 22 17
1 4 28
14 17 30
18 23 22
8 11 8
12 15 9
7 10 14
8 12 17
23 3 22
12 15 8
0 3 19
8 11 26
0 3 12
12 13 6
2 4 21
5 8 11
7 10 10
9 11 2
13 18 19
14 16 8
20 22 25
9 11 28
17 22 16
