10000 75
69 34 17 19 3 33 48 21 10 23 66 37 50 24 55 53 47 29 3 27 56 50 73 61 49 42 44 43 69 19 12 33 74 6 20 8 55 71 62 29 6 41 53 13 40 46 54 15 65 30 65 56 48 61 51 49 61 33 56 63 55 51 71 52 49 20 8 40 10 40 26 43 72 50 22 
17 21 57
10 13 12
19 23 6
12 14 42
9 11 2
2 6 34
18 20 60
1 3 16
0 3 15
23 1 61
5 8 16
9 14 74
10 13 70
11 14 36
1 4 24
12 13 66
22 1 67
15 16 54
21 22 18
18 22 11
5 8 18
7 9 70
15 19 1
12 16 20
23 1 61
11 15 26
8 12 50
12 15 46
13 16 4
18 21 17
16 18 1
10 12 13
20 22 5
18 21 12
9 13 71
0 1 25
8 11 12
10 13 2
9 11 72
1 3 49
15 18 42
15 19 8
18 21 9
12 15 40
6 7 21
23 2 36
19 23 61
7 9 6
18 22 36
3 4 71
16 18 48
6 9 17
16 19 12
1 4 10
1 6 42
17 20 13
23 2 32
16 18 32
0 4 75
14 17 34
7 10 59
15 18 43
20 23 33
10 11 58
6 10 66
3 6 66
22 1 60
10 12 53
5 9 32
20 0 2
16 19 1
7 14 29
10 11 56
17 21 7
22 0 68
5 7 73
23 2 69
10 13 31
14 18 1
15 18 55
1 6 72
4 8 18
13 17 72
9 13 39
7 10 64
10 14 54
13 15 41
18 21 47
0 4 9
4 7 59
4 6 49
1 7 12
17 20 53
11 15 5
11 12 61
11 13 24
11 15 53
14 16 61
16 21 60
10 12 22
22 4 47
16 18 39
17 19 67
20 0 38
4 7 29
0 3 57
21 23 22
18 22 42
20 0 20
20 1 45
15 18 32
13 16 29
13 17 64
1 5 4
14 17 25
14 16 39
6 7 41
6 8 20
16 19 44
6 10 26
8 12 60
18 20 71
17 21 45
7 9 12
9 10 1
5 8 28
8 11 73
3 6 35
9 14 44
17 21 54
14 16 19
12 13 72
6 9 19
19 22 46
20 0 5
21 1 37
3 4 28
2 6 45
14 18 57
4 8 64
13 16 46
17 20 70
23 1 61
11 15 70
20 0 53
19 22 47
9 11 62
9 14 20
7 10 57
5 10 72
12 18 9
19 22 13
12 12 24
8 12 11
1 4 47
20 23 63
1 3 42
9 13 2
3 3 14
22 2 17
6 9 53
10 13 32
7 9 61
14 17 31
20 21 67
9 12 68
1 4 36
7 10 32
13 17 67
1 4 46
23 2 14
15 19 46
20 21 33
7 11 25
23 2 16
2 6 36
5 7 75
0 3 6
17 21 62
4 7 2
17 20 34
21 23 3
9 12 29
5 9 72
22 0 13
20 21 51
8 11 37
4 9 30
22 1 31
21 2 70
19 23 29
13 16 52
20 22 21
11 14 49
9 11 71
4 7 15
7 11 22
8 12 30
23 3 45
4 7 72
21 0 62
18 20 1
13 16 74
0 3 13
16 18 70
0 3 37
0 3 33
13 16 71
5 7 50
8 11 42
9 11 44
15 18 46
22 2 63
22 1 62
21 1 17
4 7 56
11 13 25
7 10 74
1 4 46
19 0 15
19 22 20
21 23 35
9 11 10
12 14 24
10 11 61
18 20 44
21 0 8
13 17 15
13 16 22
14 18 20
16 18 28
11 13 19
14 15 46
15 18 7
4 5 7
1 4 38
1 5 28
21 22 40
17 21 6
19 0 46
11 15 74
22 1 10
19 21 35
16 18 20
7 9 3
8 11 15
2 5 52
8 12 71
18 22 40
21 23 10
15 18 4
21 0 47
14 16 61
0 3 9
6 9 36
15 18 19
16 17 5
9 13 42
0 1 43
3 5 44
10 12 54
12 16 26
6 10 24
5 9 20
4 6 33
12 16 56
5 6 56
4 7 66
15 18 63
2 6 71
23 3 69
10 13 69
9 12 40
2 4 43
20 22 26
1 6 45
17 21 51
1 3 3
13 17 5
2 6 69
18 23 16
5 6 65
15 16 61
0 3 10
0 4 23
17 20 23
0 3 69
5 8 69
20 22 35
8 13 16
15 17 51
6 10 21
12 15 44
17 19 49
2 5 44
22 2 39
19 21 71
14 18 45
13 17 51
4 8 24
18 21 16
14 17 13
3 6 24
23 1 45
1 4 75
3 5 23
1 7 31
7 11 41
4 8 40
6 8 51
0 3 24
19 22 11
10 13 12
4 7 45
2 6 42
18 20 20
18 20 40
11 12 22
20 0 58
14 17 11
18 21 34
18 20 70
15 18 56
1 3 7
0 4 10
0 3 45
14 17 35
14 18 38
12 16 73
7 10 32
23 2 74
14 17 29
13 17 45
17 21 51
9 12 37
9 14 8
23 2 15
16 19 54
4 7 65
11 13 8
6 8 8
10 14 31
10 11 10
6 9 44
0 3 15
8 10 9
0 5 9
1 4 37
14 18 44
0 4 53
11 13 43
2 5 66
16 19 72
19 0 55
7 9 45
21 23 31
7 10 6
6 9 19
5 8 43
15 18 1
22 2 46
19 22 24
6 9 52
15 18 19
4 8 65
4 7 33
3 7 41
6 9 42
3 8 56
2 5 3
1 5 12
16 18 34
23 2 25
21 0 63
23 1 71
14 19 67
1 5 33
15 17 56
3 5 51
8 11 51
8 12 34
7 8 55
9 11 51
7 11 63
12 16 62
11 15 7
18 21 61
8 13 11
3 9 53
22 1 4
20 23 58
7 9 19
6 8 70
7 10 51
7 8 32
3 7 68
14 16 25
23 1 23
14 17 59
17 19 48
1 4 28
6 7 1
2 6 50
23 1 14
15 17 52
21 23 31
18 22 67
9 14 18
22 1 68
20 23 71
2 5 70
14 18 13
17 19 62
16 19 60
4 7 26
21 1 8
5 9 57
5 7 37
6 10 28
7 12 40
14 17 31
15 17 19
14 16 10
1 4 24
20 23 72
16 19 51
10 15 1
13 16 45
9 12 37
4 6 33
1 3 51
21 0 50
19 21 10
11 13 68
16 19 23
2 7 70
19 21 29
20 22 63
3 6 32
19 22 45
12 15 35
0 2 19
2 5 43
5 9 22
6 10 62
7 12 50
20 23 71
2 5 53
0 4 67
8 12 43
22 0 71
22 22 49
10 13 10
2 5 70
20 0 66
1 3 26
19 23 10
12 14 41
17 20 58
11 14 28
3 6 39
19 21 24
20 0 70
5 8 54
6 6 51
14 19 25
2 5 56
19 22 7
2 7 69
23 1 66
9 10 20
23 3 18
15 20 20
4 8 23
3 6 30
2 5 36
16 17 7
6 9 7
23 2 2
2 5 48
23 3 3
1 4 69
19 22 6
15 16 36
9 12 31
2 4 30
15 17 50
11 14 28
4 6 52
3 6 48
7 10 19
5 7 61
1 4 4
12 13 67
10 13 18
11 15 19
18 22 29
19 21 75
9 13 14
7 8 64
3 6 49
14 16 8
5 9 75
19 22 30
15 17 13
5 8 23
23 2 63
7 10 60
18 21 73
13 15 35
15 18 65
4 7 57
20 0 61
23 2 14
12 16 31
18 21 58
23 2 21
3 6 53
20 22 49
1 3 7
8 13 54
1 2 73
15 18 1
22 1 72
3 7 14
8 12 70
18 19 67
12 13 43
18 21 34
5 7 23
2 6 30
6 9 34
0 3 50
12 14 4
14 17 46
4 6 68
3 5 39
9 13 58
17 20 32
8 12 47
14 17 11
10 13 33
6 9 29
21 0 4
7 9 35
13 16 60
10 12 20
22 1 60
10 15 29
11 14 2
10 14 61
4 5 73
19 23 10
3 6 9
13 17 20
18 22 73
1 5 7
22 2 32
13 17 28
11 14 55
1 5 39
17 20 73
14 18 43
8 12 1
1 4 64
9 12 69
1 5 35
22 1 28
6 10 53
0 3 7
16 18 58
10 13 12
2 7 6
23 1 68
2 6 22
2 4 31
20 22 4
11 14 58
17 21 21
3 7 51
11 12 46
17 22 30
3 6 8
17 21 75
11 15 15
1 4 74
5 9 5
6 9 47
1 4 35
2 6 49
22 0 67
16 18 65
5 6 47
5 8 41
8 11 3
6 10 18
11 13 34
10 13 54
20 22 20
3 7 49
11 14 23
7 9 19
23 4 15
11 13 63
21 23 62
23 3 45
8 10 41
16 20 4
12 14 56
18 21 30
21 2 35
1 3 39
11 15 53
2 6 42
16 20 62
12 15 17
5 6 52
9 12 33
2 3 51
14 17 31
20 21 15
18 20 47
6 10 22
7 10 24
9 11 33
12 14 19
12 15 27
3 6 52
1 4 46
17 20 29
16 20 70
1 4 46
15 17 54
18 21 6
17 22 50
2 3 12
23 2 26
12 14 42
14 16 42
7 11 29
6 9 64
7 10 63
10 14 62
3 7 18
18 20 46
14 17 7
22 2 31
20 22 19
17 21 68
2 4 60
12 16 61
22 0 28
1 4 11
0 2 63
18 20 39
4 6 5
8 11 60
8 10 1
17 21 38
4 8 54
2 3 48
7 11 17
13 16 21
7 12 40
20 23 61
19 22 67
6 11 43
22 2 71
10 15 29
4 6 72
2 5 58
14 17 30
17 21 10
17 21 72
4 7 59
12 15 52
12 16 65
21 21 73
20 22 74
7 11 72
3 6 40
7 11 5
12 13 22
14 16 50
2 7 25
18 23 17
16 20 28
8 12 27
1 5 72
20 22 46
14 18 9
6 9 10
14 18 4
1 3 44
16 21 58
21 1 17
8 12 40
10 13 26
1 3 51
5 7 62
17 19 50
12 14 47
13 16 64
19 23 72
1 2 48
22 2 54
21 1 12
13 17 63
20 23 17
20 0 74
18 21 15
3 6 66
16 18 66
22 23 64
11 14 75
23 2 66
17 19 56
10 12 65
0 4 35
16 21 6
12 16 38
9 11 75
10 13 67
8 13 59
8 11 70
8 11 62
11 13 42
11 14 33
21 1 28
23 2 42
17 20 62
3 6 32
11 15 44
4 8 69
23 0 68
21 0 20
20 0 51
23 2 55
8 11 55
14 17 9
3 8 39
13 15 66
12 16 19
11 12 53
21 23 17
17 20 43
6 9 5
5 9 38
23 2 18
2 4 40
21 22 5
18 21 8
15 18 37
13 16 39
12 15 12
0 3 21
4 7 70
15 17 25
15 18 36
4 5 3
8 11 7
14 17 23
21 23 52
1 5 25
11 12 44
17 20 34
13 16 33
23 4 45
1 4 38
22 1 31
23 2 52
12 17 39
7 9 62
0 4 13
6 9 15
8 11 31
18 20 37
16 18 40
8 13 39
11 13 47
13 16 53
12 13 44
8 12 6
7 11 9
4 6 18
3 5 8
18 21 31
23 2 53
21 23 30
18 21 7
9 12 20
13 16 64
1 5 51
8 12 20
20 0 5
2 6 4
11 13 67
3 7 11
5 9 57
21 23 39
19 22 49
15 19 69
4 7 50
4 8 69
15 17 42
23 1 6
9 12 66
19 21 70
7 9 61
23 2 29
21 23 67
15 18 72
22 1 44
22 0 16
3 4 6
14 17 31
19 22 9
5 8 43
11 14 33
3 5 42
15 21 9
15 16 60
6 8 29
6 10 61
18 19 65
21 1 61
23 2 43
9 11 36
11 15 26
22 1 44
13 14 6
8 12 72
15 18 2
3 6 8
4 7 25
10 14 22
8 9 32
2 5 30
2 5 24
0 2 58
18 22 9
3 6 21
13 16 28
20 0 21
5 8 2
23 5 37
6 9 75
2 5 71
16 19 73
20 0 58
23 3 3
10 14 21
18 20 18
10 12 37
5 8 4
14 16 37
7 11 12
19 22 40
12 14 69
8 11 44
6 9 21
12 14 5
7 8 31
0 4 60
2 5 21
7 12 49
14 18 54
23 5 48
4 6 27
22 0 23
5 9 25
0 2 9
1 3 67
12 13 47
14 18 25
23 2 31
22 2 17
19 22 75
4 7 52
21 23 30
19 22 2
13 17 53
4 7 75
18 22 30
16 18 31
5 9 8
22 1 42
15 18 44
14 16 34
18 21 52
9 11 72
0 3 4
9 12 43
18 22 67
16 19 60
1 4 6
17 20 3
13 18 12
16 19 59
14 16 55
10 12 41
20 23 13
12 16 59
21 23 51
12 14 7
17 18 74
3 5 59
17 21 36
16 18 43
0 4 12
15 17 47
19 23 28
7 9 6
2 5 62
20 22 56
1 3 39
18 21 33
12 15 34
7 10 57
14 17 32
0 1 42
6 10 46
7 10 3
17 19 26
3 6 14
3 7 40
9 13 61
7 10 6
16 20 66
20 0 3
2 6 51
20 23 60
7 11 3
21 0 19
6 9 8
2 5 43
16 18 7
23 2 3
12 15 54
10 11 63
2 4 46
8 12 46
12 15 72
4 7 36
0 3 57
18 19 43
13 17 60
3 8 6
0 2 17
6 8 22
22 1 48
7 9 36
14 17 56
23 1 26
20 23 52
14 16 28
12 15 4
17 19 60
9 12 54
19 22 35
19 21 75
4 8 13
12 15 10
6 9 27
9 11 28
6 10 36
22 1 4
15 17 8
16 18 19
0 3 26
11 13 15
0 1 37
16 18 10
4 6 32
7 11 62
11 13 30
21 0 71
11 15 13
1 3 47
1 3 40
18 22 59
11 12 20
23 4 52
12 14 43
0 1 61
3 7 24
12 17 63
18 21 28
1 3 42
5 7 75
19 23 30
23 4 43
3 6 42
16 18 6
9 12 49
1 4 14
12 16 40
4 7 66
12 16 39
23 1 44
14 17 44
22 23 54
0 3 11
13 17 46
13 17 9
11 15 68
17 20 1
11 13 61
14 16 54
10 13 25
0 3 1
23 2 26
0 3 1
16 19 48
0 4 50
8 10 3
20 22 11
16 20 9
18 21 6
23 23 73
8 11 34
20 22 63
9 12 36
22 0 63
11 15 10
16 18 73
23 1 11
8 10 18
22 2 19
10 13 52
6 7 9
0 2 5
6 9 25
1 3 40
6 9 31
5 7 19
12 15 37
15 19 22
18 21 6
19 22 47
0 2 12
13 18 66
11 14 9
23 0 26
12 16 18
20 23 1
13 14 23
22 1 41
1 3 47
3 6 73
11 16 29
15 17 6
17 19 45
7 11 46
22 2 61
3 6 54
1 6 7
10 11 50
23 1 4
11 13 61
20 1 25
9 11 44
6 10 30
5 9 42
13 18 59
14 17 38
12 15 7
6 10 14
23 4 19
0 1 55
10 13 25
23 1 12
9 12 15
3 8 58
22 1 11
8 10 32
11 14 4
22 1 34
13 16 74
5 7 1
22 0 48
15 17 12
2 4 11
15 17 15
16 17 47
14 19 35
11 13 62
10 12 71
13 16 40
13 17 27
17 20 43
20 23 12
19 22 34
19 23 45
13 16 36
2 4 40
1 5 63
4 8 32
22 1 31
18 20 62
23 3 57
7 11 47
5 10 61
5 7 68
13 16 22
2 6 67
20 21 61
19 22 62
0 2 21
9 13 39
1 4 44
2 6 52
15 20 9
1 5 47
4 7 34
21 23 60
1 4 26
5 7 23
3 7 57
12 12 1
0 3 57
8 11 30
6 9 65
19 23 19
4 8 66
13 15 23
12 15 29
6 8 66
5 8 46
20 0 54
22 2 69
19 21 16
4 7 64
15 19 62
19 20 48
0 3 13
11 14 40
19 20 56
23 1 50
3 6 11
20 0 54
6 10 13
22 2 46
7 10 22
1 4 52
23 4 48
16 18 38
6 9 52
21 1 20
7 11 13
22 2 25
6 8 7
12 15 38
7 10 29
15 18 4
19 23 55
21 23 19
21 0 18
7 11 9
7 10 6
7 11 13
19 21 61
15 18 35
3 5 21
8 13 35
12 14 69
11 14 28
4 7 34
13 13 70
20 0 13
23 3 18
0 2 50
8 11 12
0 3 53
22 1 21
15 20 70
1 3 46
21 1 26
3 6 37
9 12 38
4 8 44
11 14 39
7 10 59
19 21 26
0 4 28
19 23 52
0 2 66
11 14 46
4 7 51
11 13 55
17 20 11
18 21 4
22 3 42
1 3 13
20 22 56
17 20 59
23 1 6
11 15 14
2 5 42
15 18 56
18 22 71
22 1 67
17 19 25
7 11 22
15 20 74
2 5 15
16 19 38
23 4 51
3 5 5
9 10 37
3 8 10
21 1 49
9 12 53
12 14 30
12 15 7
17 20 68
7 10 7
12 15 51
17 20 11
6 11 39
7 9 11
16 18 3
15 19 27
19 23 74
8 11 29
4 8 39
5 8 18
21 1 65
9 13 6
16 19 21
6 9 32
19 21 4
6 7 72
18 20 64
20 23 42
9 11 63
23 2 6
16 19 5
9 12 61
18 22 53
13 15 8
11 14 55
13 17 11
1 5 44
10 14 53
22 1 32
7 11 38
10 15 54
12 16 73
21 23 21
4 5 9
14 15 15
11 16 5
22 0 12
19 22 21
6 9 23
20 23 42
3 6 36
21 1 57
9 10 64
0 2 48
9 12 17
0 3 60
23 3 34
21 0 28
18 23 37
20 23 38
8 10 59
10 14 32
11 14 11
22 0 21
2 6 34
14 15 74
12 15 69
13 15 70
5 8 19
17 20 32
16 18 66
11 14 36
19 20 9
21 0 46
23 1 48
11 13 68
12 16 40
23 1 39
23 2 61
20 23 24
1 3 29
7 10 6
20 23 67
9 12 42
18 21 42
22 1 44
1 5 54
14 18 70
20 0 72
18 22 71
14 17 57
19 23 9
1 4 47
18 22 38
16 19 63
1 3 38
23 1 35
15 18 57
11 15 64
10 13 54
10 11 57
20 23 65
20 0 3
2 4 65
1 3 34
15 17 36
20 0 40
4 8 74
20 0 12
0 3 18
7 12 14
2 4 54
6 9 73
19 21 25
9 13 12
3 6 70
5 6 69
2 5 20
0 3 44
17 19 57
16 20 34
18 21 73
19 23 18
15 17 14
11 14 63
2 5 3
22 1 48
1 4 48
12 14 73
19 0 17
21 23 61
19 23 38
20 22 27
17 19 50
0 3 51
22 0 30
9 15 45
17 19 15
19 23 75
2 5 2
7 10 3
11 13 58
22 0 29
13 17 75
3 7 54
1 5 71
4 6 31
12 15 11
15 19 21
18 21 15
6 9 66
1 2 18
17 20 24
21 1 73
23 2 26
5 8 44
1 4 57
19 22 1
21 2 56
2 4 22
10 13 74
4 7 51
10 13 4
7 11 14
0 4 69
12 14 47
5 9 26
22 1 27
7 11 59
23 3 10
3 5 30
11 14 42
17 20 65
21 23 12
21 2 58
21 0 50
21 1 16
13 16 56
18 21 30
12 14 3
4 8 60
22 1 12
21 3 69
20 21 17
17 19 50
10 13 37
12 15 69
6 9 64
18 22 8
15 18 46
17 21 70
17 20 55
18 22 59
16 19 60
2 5 2
7 12 69
2 6 52
23 1 15
2 5 35
8 12 48
7 11 27
17 20 33
5 9 40
9 13 9
5 6 56
5 7 34
17 20 28
14 18 35
9 11 35
17 21 7
13 16 27
4 6 75
22 23 34
9 11 62
17 19 50
18 21 17
23 2 68
7 11 61
3 6 60
13 17 55
4 6 20
16 18 1
12 16 68
8 11 13
23 4 61
22 1 16
9 14 67
4 6 61
10 11 41
4 9 42
23 2 56
19 21 52
0 2 19
5 7 50
19 22 35
10 13 39
0 4 59
18 20 15
19 22 34
14 17 48
19 22 51
7 12 13
10 12 17
16 18 68
1 5 22
23 2 23
7 9 57
1 3 17
9 12 56
14 16 63
11 16 35
15 18 38
9 11 48
2 3 67
8 11 49
7 12 48
15 17 9
20 22 50
5 9 31
11 15 47
14 18 27
17 20 30
22 1 6
3 8 69
20 0 38
20 23 29
19 22 51
7 12 48
19 20 65
8 11 28
20 23 47
4 6 42
20 22 73
5 7 64
11 13 46
10 14 68
9 12 1
10 14 46
5 8 56
18 20 68
16 18 69
18 21 31
14 18 1
3 7 27
17 20 7
22 2 15
3 5 28
0 2 23
11 13 73
22 1 20
23 0 72
23 3 46
5 9 51
8 11 38
0 4 60
8 11 47
8 12 64
6 8 13
10 14 3
5 8 1
9 11 10
1 3 39
1 5 19
9 13 55
10 14 9
13 15 21
9 12 25
14 17 4
22 2 52
15 18 31
4 8 41
14 18 72
3 4 47
22 1 60
3 8 57
4 8 27
12 15 5
7 9 19
10 14 2
0 4 36
2 3 57
2 5 66
20 23 64
15 18 45
1 5 42
17 20 75
23 2 17
15 18 14
5 8 70
12 13 64
21 0 25
23 3 15
21 0 68
23 2 24
15 17 16
17 20 54
11 12 37
16 18 40
12 14 8
13 16 59
1 5 9
14 18 13
1 5 36
19 21 3
13 15 48
9 12 35
10 13 14
12 14 52
10 13 24
18 21 45
11 13 15
23 1 46
11 14 45
12 16 32
4 6 49
9 12 41
9 12 10
6 9 66
14 17 9
6 10 2
15 19 43
8 11 21
7 10 25
5 7 37
16 18 45
20 22 51
20 22 24
20 0 72
1 5 28
4 7 40
0 3 70
16 17 49
4 3 66
17 20 29
14 18 3
9 13 58
10 15 44
12 16 28
4 7 49
19 22 53
3 6 40
2 4 9
20 23 59
2 5 35
12 15 38
8 9 35
19 23 50
3 7 43
17 19 16
1 5 9
3 6 61
16 18 45
16 18 24
3 7 28
4 7 67
1 5 16
17 20 24
2 5 51
15 17 32
21 0 70
6 7 1
2 3 62
8 8 75
18 22 60
18 22 29
8 12 5
9 13 69
17 19 6
15 17 29
5 9 39
14 16 2
2 5 61
20 23 25
4 5 18
18 23 60
14 18 54
19 23 69
22 0 5
14 17 27
0 5 64
16 21 31
20 1 46
4 7 26
21 23 17
22 1 3
10 12 33
0 2 36
20 23 29
20 21 74
17 20 1
23 0 69
8 11 59
16 18 56
22 1 2
16 18 49
6 9 64
21 0 60
16 18 40
19 21 16
12 15 42
2 5 45
3 5 56
3 6 37
22 3 54
22 0 43
7 10 56
19 23 12
16 18 38
23 1 65
14 16 44
8 13 13
3 7 33
22 0 6
14 17 1
13 16 48
21 2 9
19 21 30
19 23 34
23 2 62
19 23 19
0 0 4
10 14 36
13 17 75
18 20 25
8 10 6
1 4 35
15 17 33
12 15 69
7 8 23
19 22 50
4 8 26
15 17 71
21 1 7
18 20 12
9 14 10
17 21 55
13 16 26
15 18 5
15 19 43
20 22 7
9 12 17
4 7 38
18 22 25
15 17 33
0 3 67
16 22 37
20 22 38
7 10 26
22 2 57
13 17 70
10 13 57
4 7 70
14 16 28
10 13 61
10 11 41
16 19 70
1 5 47
8 12 32
21 23 7
14 17 21
10 13 57
3 6 1
4 7 43
11 13 19
18 22 24
22 1 37
2 5 11
1 3 28
16 18 17
7 11 24
7 11 12
23 1 33
1 3 59
4 6 28
15 19 57
8 11 62
5 9 73
0 3 49
17 18 44
15 17 67
14 17 13
5 6 35
13 16 34
13 15 3
14 16 46
15 20 33
6 10 45
19 21 73
20 23 45
21 0 47
1 2 70
5 9 55
18 22 23
9 13 71
4 6 74
5 5 32
14 16 17
19 0 35
20 23 29
19 23 50
13 18 38
0 3 35
10 13 75
8 12 11
8 9 20
11 14 38
13 15 11
9 12 69
22 0 54
17 21 58
6 10 8
18 22 25
2 5 31
1 5 15
2 5 40
15 18 4
12 15 49
2 6 53
23 3 41
18 20 28
13 15 63
2 4 50
12 15 57
8 11 73
21 23 5
6 10 10
6 10 54
23 1 71
15 16 11
10 12 51
20 23 24
5 10 8
6 9 59
4 8 60
12 15 56
22 0 28
17 21 24
19 23 50
22 1 14
6 9 59
17 20 21
8 13 32
2 4 61
20 0 60
7 11 41
23 3 5
6 10 44
14 15 38
2 7 64
17 20 21
4 6 72
21 1 62
12 13 34
1 4 19
18 21 36
23 2 42
19 23 29
15 18 70
8 12 23
6 10 18
17 20 22
15 20 67
7 10 11
15 18 42
19 21 9
6 9 73
10 12 45
16 18 12
7 9 11
9 13 38
22 0 6
22 3 34
17 19 9
4 7 52
20 0 25
4 7 32
18 21 61
12 17 29
11 12 17
16 18 8
4 7 50
1 3 49
19 23 3
12 14 71
23 0 69
1 4 70
13 17 10
14 18 42
20 23 17
10 14 55
14 18 3
13 17 18
23 3 8
6 9 46
16 19 45
14 16 68
12 16 74
15 19 73
17 18 7
3 6 36
3 7 37
22 2 57
20 0 61
21 0 47
17 20 50
16 17 15
10 14 62
16 18 59
21 0 23
19 22 6
23 1 20
21 0 20
3 7 4
5 8 67
5 7 29
7 11 62
17 21 51
8 10 26
23 1 8
9 13 2
17 20 39
18 23 19
14 16 21
12 14 9
8 12 39
14 18 48
5 8 65
4 9 25
0 4 70
0 4 24
15 16 11
15 18 54
20 23 41
19 21 16
13 15 50
20 22 46
3 7 9
22 2 57
3 6 48
2 5 47
14 16 39
5 7 64
16 20 36
13 16 72
10 14 62
10 12 42
23 3 28
8 11 24
2 7 25
1 6 49
13 15 27
16 17 4
15 18 75
16 19 65
9 12 30
4 7 46
16 20 17
11 15 3
6 10 65
19 20 50
9 11 5
17 19 73
18 20 3
23 2 63
22 3 41
12 17 35
10 13 10
8 11 17
2 5 15
4 8 75
9 13 56
12 14 40
10 12 7
3 5 45
14 18 70
8 12 59
2 6 70
19 0 6
2 6 61
21 1 52
22 1 30
17 22 33
2 5 19
20 23 41
23 1 44
8 10 51
11 14 58
12 16 73
5 8 64
20 22 17
17 20 66
10 12 34
3 6 42
1 3 5
1 4 74
7 11 47
17 20 10
19 23 25
14 17 75
10 13 73
17 21 45
17 19 19
5 7 75
20 21 52
4 7 50
22 0 48
7 11 22
13 17 71
0 2 12
9 12 20
16 19 11
18 21 5
3 6 63
19 22 44
12 13 59
21 1 9
11 13 64
19 22 32
4 7 50
0 3 30
1 4 47
8 13 7
23 4 17
19 0 3
18 20 8
8 9 50
10 13 42
7 10 8
19 22 16
16 19 12
0 4 26
4 7 53
11 16 30
5 7 35
9 11 74
18 21 39
0 3 51
14 17 46
23 0 20
0 2 11
20 22 41
10 13 33
6 9 13
6 9 38
22 23 46
21 1 12
13 16 29
22 22 74
13 17 33
13 18 57
16 21 67
13 17 66
15 18 13
11 15 9
23 5 5
14 17 63
15 17 19
21 0 64
4 8 44
15 19 16
3 5 20
0 4 1
3 9 72
19 23 42
17 19 46
19 22 3
11 16 14
4 7 9
5 7 73
23 3 9
17 22 26
0 2 11
18 20 25
3 5 21
19 21 73
0 2 27
3 7 15
11 15 36
5 7 70
0 2 37
16 18 23
16 18 41
23 1 63
13 16 23
17 20 63
21 2 26
15 16 32
3 6 18
11 15 7
18 22 29
6 8 21
3 6 39
0 2 69
11 15 43
19 23 5
5 8 33
8 12 62
3 6 57
6 9 15
23 1 67
3 5 47
13 16 11
3 6 10
6 10 69
4 7 61
0 4 30
16 20 44
0 3 16
4 5 61
20 23 16
21 0 50
12 15 49
4 9 75
6 9 66
6 8 30
7 10 15
9 11 25
17 20 68
16 20 72
11 13 33
10 14 70
4 8 16
2 5 68
19 22 64
22 2 70
0 2 40
18 21 66
15 18 37
1 4 46
5 9 1
17 20 31
11 12 64
11 14 22
2 7 47
7 11 8
7 9 31
1 6 27
23 2 1
4 8 67
0 4 64
16 19 33
14 17 20
10 12 7
18 22 46
6 7 63
14 16 68
16 21 42
3 5 61
11 14 25
0 5 60
12 15 73
18 21 1
8 11 33
7 9 54
23 3 15
23 1 49
21 0 11
19 22 28
10 12 49
5 9 44
4 7 69
3 6 6
0 3 45
11 15 36
4 7 72
18 22 9
10 12 20
12 16 24
2 5 73
1 5 57
3 5 75
19 23 13
3 7 5
22 1 28
7 10 31
10 12 72
5 6 14
19 20 63
16 19 9
14 18 57
7 9 38
22 0 25
23 4 16
16 17 60
20 22 2
18 20 40
12 15 65
13 17 27
5 6 59
6 10 57
23 2 70
15 18 68
2 5 37
0 4 39
23 2 58
4 8 43
2 2 4
9 13 15
23 1 36
3 6 18
10 12 52
21 1 17
1 3 1
17 20 43
17 20 73
9 13 9
20 23 58
0 3 15
5 9 33
12 15 66
2 5 23
17 21 42
12 15 1
4 7 48
20 0 38
16 19 4
11 16 73
2 7 64
3 6 29
7 11 27
10 12 57
10 11 29
8 11 58
10 13 20
23 1 74
12 16 9
18 20 39
10 14 69
21 1 61
11 14 49
10 12 13
21 22 40
17 19 68
10 12 30
23 1 28
9 13 58
20 0 31
2 6 8
1 4 2
9 12 62
13 15 27
17 19 72
12 15 23
0 4 62
9 13 40
8 11 72
23 2 34
20 0 33
12 15 58
18 20 6
16 20 37
10 14 37
8 10 35
1 4 36
0 4 17
17 21 13
7 11 9
22 0 22
12 14 59
10 12 71
20 23 56
23 3 53
7 9 67
20 23 20
11 14 74
17 20 21
11 13 32
15 18 5
22 3 57
12 15 10
1 2 31
20 23 19
3 5 61
4 6 75
9 11 60
14 18 48
3 4 36
16 18 60
16 18 59
23 5 55
14 16 40
17 20 14
10 13 20
4 6 38
7 10 71
3 6 45
13 16 47
2 6 11
21 23 74
2 6 14
5 8 26
7 10 13
22 1 7
17 18 5
22 2 6
5 8 11
3 6 30
20 23 5
18 22 65
18 22 54
19 22 68
2 6 55
16 19 46
12 15 12
5 7 22
7 8 60
13 16 12
0 4 8
19 21 26
23 2 44
21 0 49
21 23 37
13 17 29
15 17 69
22 1 53
19 21 10
8 11 42
0 4 72
6 9 63
20 0 35
23 4 69
23 3 1
9 13 14
9 13 11
21 0 35
5 7 47
3 6 30
18 20 52
2 4 75
23 3 27
1 3 27
8 11 11
13 15 55
2 4 6
12 14 23
18 21 58
5 8 72
19 21 13
11 15 18
1 5 62
17 19 60
16 20 53
23 4 6
14 17 20
21 22 54
16 18 12
22 0 8
13 18 12
7 11 49
11 13 2
11 12 27
7 9 48
23 2 29
3 5 74
15 20 50
21 20 22
18 20 54
20 23 31
3 6 57
16 19 60
21 1 23
14 18 10
8 11 13
4 6 57
18 22 46
5 9 48
15 17 51
20 21 12
9 12 12
4 7 60
0 4 42
14 17 75
16 19 72
9 15 11
1 5 56
14 17 35
14 16 54
3 6 16
20 0 50
21 23 45
15 18 47
6 10 74
14 17 43
13 18 61
3 5 57
2 7 62
15 18 56
19 22 22
5 8 50
21 0 30
13 15 6
18 21 5
5 7 22
22 0 42
12 14 23
16 19 51
1 5 17
4 5 2
16 20 14
4 9 35
20 21 23
19 21 28
7 10 68
13 17 48
13 18 5
1 5 16
23 2 39
13 15 64
19 23 60
20 23 5
3 8 42
21 2 15
22 0 39
4 6 30
22 0 63
10 12 49
13 16 17
23 3 73
2 6 50
8 12 39
20 0 20
17 20 29
14 18 22
9 12 59
6 11 36
5 7 65
11 15 21
22 0 4
8 11 56
7 8 26
1 4 41
18 21 17
11 14 73
15 19 13
23 2 4
7 11 7
14 18 29
13 15 20
1 3 66
21 23 11
14 16 25
1 4 3
1 4 7
5 8 14
10 14 6
9 12 6
22 23 65
9 12 62
10 14 14
10 14 37
17 19 70
19 21 36
10 16 56
5 8 36
0 2 27
13 17 70
4 7 11
9 13 75
12 14 61
14 17 64
7 9 72
3 6 67
6 9 17
23 1 46
9 13 71
17 19 50
15 19 51
15 18 66
20 22 35
12 15 66
19 21 29
1 3 74
7 10 7
21 0 21
6 8 5
12 15 74
3 6 53
10 14 62
7 12 31
22 3 73
1 5 36
17 22 36
6 11 61
12 16 40
2 4 66
10 13 52
6 10 28
2 3 12
10 14 44
14 17 8
23 0 52
14 20 16
19 20 69
22 1 34
16 20 41
14 17 54
22 1 46
6 8 49
13 16 48
6 10 67
1 4 33
22 1 9
13 17 58
8 12 65
1 3 38
14 15 24
8 10 38
8 10 52
15 18 67
22 23 40
17 19 17
14 15 46
10 13 4
12 16 44
17 21 73
4 7 18
3 6 68
10 13 23
13 15 62
2 2 6
13 17 45
12 13 35
3 7 58
21 2 4
1 4 23
17 19 4
19 20 73
9 12 60
19 23 70
22 1 37
1 6 8
8 13 74
1 3 32
21 23 43
5 8 72
13 17 32
19 22 39
0 3 68
15 17 75
19 22 36
8 11 42
1 5 58
0 3 40
0 3 67
13 17 37
1 5 40
5 6 66
10 14 37
12 14 66
17 21 63
5 7 34
17 20 27
20 0 52
5 8 36
9 11 24
5 5 1
9 14 10
7 10 13
19 0 49
22 23 5
1 5 34
16 17 60
12 16 66
18 20 12
16 19 49
5 7 49
19 0 19
14 16 13
11 15 15
13 17 3
0 2 39
4 9 13
21 0 67
4 8 6
22 2 23
13 18 22
13 16 38
1 3 67
22 1 74
19 22 3
9 10 44
5 9 53
18 21 39
10 14 5
7 10 35
18 21 44
4 8 72
12 15 43
19 23 14
6 9 3
16 18 65
18 21 23
17 20 75
3 6 51
22 0 55
11 15 53
14 16 73
13 15 14
20 0 68
3 5 63
12 15 64
5 7 49
7 9 3
3 7 29
6 9 67
6 8 26
0 1 18
20 0 27
7 9 49
0 3 56
20 1 32
17 19 72
13 17 13
18 22 19
18 21 36
10 13 50
7 11 72
11 14 15
11 13 21
22 1 75
6 10 74
13 19 45
10 12 34
2 4 64
16 20 47
18 22 59
7 11 23
19 21 38
21 1 71
21 0 32
18 21 43
17 20 24
23 3 61
9 11 75
11 14 21
10 14 68
6 10 48
13 18 72
2 6 26
13 15 1
0 2 8
22 1 28
14 18 61
13 15 29
5 7 17
22 0 21
13 18 68
20 23 9
1 4 5
18 20 71
13 16 45
3 6 5
7 9 39
13 15 52
18 22 51
18 20 9
0 4 45
9 12 47
2 4 5
4 6 56
17 21 22
6 10 68
7 11 25
14 16 53
7 9 25
2 6 31
16 19 47
23 3 66
20 22 52
1 4 26
13 15 12
22 2 23
4 7 52
3 7 36
22 0 44
7 9 45
15 18 10
17 20 60
20 23 74
20 1 19
7 10 74
10 12 24
14 17 29
6 9 66
10 13 47
6 7 7
13 16 46
13 17 31
20 23 72
6 9 40
4 8 23
0 3 23
2 5 65
22 0 35
6 10 3
1 3 74
6 8 6
13 16 39
22 2 59
3 6 62
10 12 23
4 7 66
13 17 20
20 23 65
5 7 51
16 20 63
22 2 21
13 16 66
16 19 7
12 15 44
23 4 63
4 8 20
8 8 50
4 6 16
20 1 60
10 14 11
22 23 47
5 7 38
1 5 41
3 6 27
12 14 11
19 22 60
14 17 42
18 21 10
10 12 68
19 22 72
12 15 34
0 3 6
4 6 65
6 9 4
9 14 39
22 3 34
16 16 28
11 13 69
22 0 5
20 23 20
23 1 72
23 1 75
22 1 21
20 23 7
0 2 40
16 20 74
7 10 41
17 21 10
4 7 2
10 13 42
9 11 17
5 7 2
17 22 38
20 1 11
0 3 58
7 9 68
20 0 41
1 3 70
20 0 8
7 9 42
13 17 3
15 18 36
5 9 40
13 16 42
13 17 61
8 10 20
9 11 60
20 0 3
6 11 2
23 3 6
8 10 60
4 9 25
4 8 15
18 20 39
2 5 63
9 12 1
13 15 9
22 1 59
19 22 63
10 13 70
13 17 57
22 0 54
5 9 60
4 8 32
18 22 17
6 10 72
15 17 28
18 20 35
2 6 20
6 9 1
15 18 40
0 4 23
9 14 71
14 14 39
17 20 43
22 2 55
19 20 24
1 2 30
19 22 32
20 23 43
9 14 3
11 13 57
14 17 72
14 17 63
12 16 20
15 16 67
4 7 66
2 3 66
13 15 44
22 2 57
12 16 73
21 1 37
6 9 73
14 18 4
10 12 2
17 21 69
8 12 71
9 12 13
8 9 12
16 20 74
10 15 56
0 3 60
21 1 1
6 11 45
16 20 1
1 3 13
11 15 53
21 23 5
22 0 75
0 2 73
21 1 10
18 21 67
12 16 38
6 9 7
20 23 57
16 20 27
18 23 12
20 21 67
3 5 56
0 3 70
10 13 53
6 10 54
1 3 71
0 3 45
9 12 18
14 17 60
2 3 8
18 23 45
20 22 22
10 14 30
3 6 36
10 14 3
8 9 65
11 15 12
16 18 26
11 13 45
7 10 57
18 21 69
14 16 23
19 23 64
12 15 60
3 6 21
16 19 8
7 11 62
11 13 62
20 22 41
8 12 7
22 1 25
6 9 50
3 6 57
19 23 40
11 13 39
1 4 38
7 10 40
5 8 66
10 13 68
10 13 47
12 14 35
15 18 60
0 4 49
12 16 42
5 9 40
4 7 18
21 1 7
7 10 59
7 11 29
13 16 46
11 13 15
4 7 57
3 5 58
1 4 43
3 6 37
4 6 55
15 19 24
15 18 1
15 19 54
6 7 73
20 23 28
22 3 13
9 12 29
15 16 36
6 10 50
14 17 47
17 21 19
10 13 75
0 3 8
16 20 9
21 0 19
10 13 15
5 8 40
10 12 56
4 7 52
14 16 57
2 6 68
16 19 23
10 13 6
4 9 42
8 11 70
15 18 28
10 12 7
0 3 24
3 6 63
15 18 43
19 22 10
2 6 49
2 6 3
8 15 60
8 10 5
13 16 19
6 7 62
2 6 2
16 17 7
19 22 59
18 21 14
2 5 30
23 2 68
21 1 34
7 9 9
7 8 6
12 14 27
2 8 12
9 13 70
16 21 3
17 20 10
1 5 6
4 5 27
22 1 21
3 6 35
23 1 44
22 0 36
4 7 3
14 18 62
14 16 58
22 2 47
7 10 41
13 16 52
19 23 53
14 17 38
7 9 48
19 22 15
2 7 32
9 13 72
8 11 23
13 16 67
15 17 46
10 12 2
8 11 42
18 21 34
10 14 49
4 6 62
4 6 61
3 5 52
23 1 15
12 15 47
1 5 67
0 4 37
4 6 8
20 23 23
10 14 18
4 8 9
17 21 9
0 3 64
8 12 53
8 9 14
21 1 68
1 4 56
13 16 53
3 5 65
3 5 8
11 16 64
6 7 67
7 10 5
16 19 19
20 23 14
7 11 69
9 12 4
13 17 39
14 18 57
11 14 3
3 6 46
14 17 17
11 13 10
21 22 41
10 12 39
10 13 24
15 19 1
12 16 24
9 13 33
23 1 15
12 16 60
21 0 31
15 19 75
1 3 45
17 21 41
19 22 49
19 22 57
6 9 40
22 2 65
7 9 24
21 0 38
10 13 55
13 15 19
3 4 9
2 5 70
19 22 26
15 17 71
21 0 13
2 6 11
19 21 41
12 16 25
11 13 73
22 1 2
10 13 29
22 1 34
8 10 58
8 14 41
16 19 28
5 10 31
7 11 75
22 2 58
15 17 47
8 12 21
4 5 56
11 12 35
4 6 9
9 12 34
21 23 68
10 13 44
16 18 55
10 13 67
23 2 69
22 1 47
11 13 62
16 20 59
17 20 3
2 6 8
7 8 39
15 18 74
4 8 63
21 1 45
7 11 56
6 9 13
13 17 58
2 5 65
18 22 37
9 12 50
5 7 65
2 6 6
0 1 14
23 2 61
19 22 75
21 0 44
23 3 68
18 19 51
1 3 31
9 13 35
5 9 34
0 3 50
16 20 31
13 16 51
7 11 27
18 22 23
12 16 7
18 0 68
14 18 33
10 13 71
19 22 9
11 15 62
16 19 13
18 20 60
13 17 40
4 6 22
22 3 8
19 22 40
12 14 35
12 15 65
6 9 51
7 9 10
3 7 33
7 9 14
8 12 50
14 18 42
1 2 55
6 10 1
13 15 2
7 12 71
16 21 24
10 12 11
19 21 23
16 19 33
14 18 1
17 19 47
18 20 23
14 18 40
1 5 57
18 21 34
9 13 58
11 13 25
12 14 58
13 15 74
20 22 52
0 2 14
9 11 46
23 4 5
20 22 19
6 9 70
6 9 33
0 1 43
17 18 69
10 13 58
11 13 41
20 22 52
15 16 28
20 23 12
9 9 24
3 5 48
6 11 23
5 8 57
0 3 4
20 22 32
11 15 23
9 11 66
14 17 37
3 6 17
17 21 72
21 0 46
18 22 44
18 22 11
18 21 64
11 14 25
16 17 38
2 7 27
1 3 9
4 6 55
12 15 19
21 0 18
0 2 13
16 19 9
10 12 70
14 16 43
16 20 72
5 7 18
11 13 51
22 2 54
7 10 67
9 12 68
11 13 75
23 2 49
16 18 57
3 6 36
2 4 3
11 14 5
11 15 68
23 1 15
23 1 47
17 22 12
21 0 18
17 20 7
16 20 50
4 6 1
22 0 62
0 3 45
13 17 55
16 18 64
0 3 1
20 23 42
13 17 15
6 8 39
1 5 23
9 12 25
6 9 41
0 4 6
17 21 46
0 2 4
14 17 1
22 1 51
5 8 70
2 6 21
2 4 10
6 9 44
6 8 69
8 10 33
8 13 73
15 19 50
0 3 10
4 8 1
0 3 3
8 12 33
23 1 51
19 23 43
23 2 48
14 17 65
9 12 56
15 18 8
12 17 73
11 13 48
18 20 36
18 20 70
15 18 11
19 22 1
16 19 48
3 8 67
18 21 39
16 19 61
3 5 54
6 10 74
11 15 65
21 0 27
21 1 74
17 20 15
11 13 58
2 5 68
16 19 67
12 15 63
23 2 32
4 6 4
11 14 69
6 9 10
3 6 7
17 19 6
6 8 38
16 21 30
10 13 47
12 15 65
15 17 7
19 21 24
20 23 67
0 3 41
16 18 62
17 19 19
14 15 26
0 4 54
22 2 59
13 16 2
22 0 55
14 17 71
13 14 18
21 0 63
8 10 65
21 23 33
18 21 60
5 8 56
20 22 46
10 13 22
15 18 63
10 12 22
10 14 63
12 16 54
7 10 55
16 18 22
0 2 71
14 16 20
2 5 27
11 14 12
20 23 33
13 16 71
11 13 22
18 20 57
2 4 50
21 0 33
6 8 75
12 15 12
3 7 49
17 18 35
2 7 65
23 2 42
1 6 43
3 5 53
1 3 30
6 10 55
14 18 17
11 13 73
10 12 11
16 18 30
19 22 67
23 4 43
19 23 21
16 18 31
23 3 73
18 20 1
16 19 62
6 9 66
0 3 29
20 23 40
21 22 34
23 2 22
11 16 15
0 3 8
20 23 49
4 8 63
8 12 42
11 12 12
21 22 24
11 13 73
19 23 37
12 15 15
0 1 31
13 16 33
23 1 27
10 13 35
17 21 41
14 17 69
22 0 47
17 19 62
23 2 64
1 5 70
8 11 59
0 4 52
18 20 45
8 11 15
17 20 69
20 23 21
0 3 53
23 4 11
3 5 35
17 20 51
12 14 40
3 5 49
17 20 27
3 5 4
23 1 75
13 17 17
11 13 14
16 18 65
8 10 44
8 11 59
16 20 26
14 19 75
16 17 73
22 1 54
0 2 47
19 22 7
10 12 36
11 14 5
6 10 11
8 11 29
12 15 55
0 5 59
10 13 42
0 4 68
11 14 54
16 21 42
7 10 69
11 13 74
18 20 10
1 5 75
17 19 44
17 20 28
12 16 43
11 13 25
4 5 11
7 8 31
12 15 71
17 22 20
18 19 14
19 20 67
7 11 49
13 15 1
10 12 72
10 12 20
15 16 1
0 5 75
13 16 42
19 22 40
19 21 27
19 22 10
0 4 75
18 19 12
20 23 5
11 14 47
11 14 36
6 9 11
3 6 1
9 13 75
6 7 51
6 9 32
12 15 10
18 20 41
21 23 15
16 20 68
23 1 39
4 8 57
3 7 18
4 8 46
13 15 34
19 22 57
14 16 25
13 16 12
5 8 34
22 3 75
1 3 23
1 3 46
11 12 72
17 19 47
0 5 41
18 21 72
20 0 16
2 6 46
21 0 8
12 17 37
15 17 59
19 23 71
11 15 26
3 6 21
5 10 22
21 2 74
10 14 14
4 6 43
13 18 73
1 4 18
13 16 36
1 3 70
14 16 65
3 5 42
3 6 21
8 11 30
2 3 44
7 13 7
12 15 61
3 7 7
3 6 37
9 12 2
17 21 17
4 8 1
11 16 57
9 12 75
11 14 54
0 3 62
11 15 41
2 6 1
1 4 48
3 7 70
15 17 7
11 14 23
14 17 33
11 14 22
23 2 40
18 20 62
12 15 75
15 19 54
0 5 45
1 4 43
17 19 74
18 21 33
15 19 27
11 14 20
0 1 37
20 0 9
12 16 67
20 22 22
19 0 18
7 9 61
2 4 16
11 15 37
1 4 6
10 13 49
19 0 49
15 17 68
23 2 30
19 21 72
9 12 49
19 21 34
15 18 6
19 21 42
4 7 29
21 0 10
6 9 54
17 21 23
6 9 38
17 21 22
19 23 44
17 20 8
4 6 52
12 15 66
5 10 67
13 18 4
2 5 15
5 8 72
5 8 15
2 6 49
22 0 43
16 18 12
13 17 30
17 19 39
5 9 75
19 22 40
5 7 73
13 16 9
12 14 59
4 7 73
20 21 9
14 17 50
11 16 15
11 14 53
3 6 36
18 20 5
16 20 28
17 19 20
23 3 61
16 20 37
17 21 67
23 1 53
22 1 46
11 15 17
3 6 5
0 2 56
16 19 20
8 10 26
6 9 36
12 14 49
6 8 19
14 18 33
18 21 50
2 5 68
17 20 28
21 2 9
7 11 2
18 22 73
2 5 53
8 11 60
4 7 58
20 23 49
11 13 35
7 11 14
7 10 5
12 14 45
15 18 37
9 12 18
9 14 16
11 16 56
10 13 31
12 16 34
12 16 51
23 4 46
13 16 8
17 19 12
12 16 48
19 0 13
6 8 18
5 8 33
15 16 44
21 1 43
17 19 37
2 4 31
4 7 10
9 12 18
8 9 36
1 5 18
11 14 37
4 6 29
9 12 12
17 20 52
6 10 55
13 16 16
22 3 27
21 1 57
13 17 44
3 7 73
15 17 51
22 2 22
18 21 52
6 9 28
18 22 60
3 6 56
17 21 63
1 4 49
10 13 2
22 0 47
22 1 17
23 2 48
20 1 39
20 23 58
1 4 17
23 2 34
17 20 14
0 2 61
13 16 25
12 16 51
2 4 48
21 0 24
5 7 28
6 8 58
5 8 27
5 9 52
10 14 54
11 14 30
15 20 45
3 5 30
7 12 69
11 14 38
20 22 26
19 23 50
5 7 49
8 11 42
17 21 9
11 13 10
9 13 46
10 12 48
11 15 69
14 16 37
15 17 20
11 14 23
8 13 63
12 14 24
0 5 18
2 6 58
6 9 12
22 0 33
6 8 37
21 1 3
21 1 55
13 18 74
22 1 15
19 23 3
19 20 53
12 15 52
18 20 4
2 5 17
22 1 46
0 3 49
13 16 35
4 9 74
1 6 35
20 23 49
8 9 61
13 16 23
10 12 20
2 5 59
18 22 9
7 10 13
14 16 72
15 18 57
5 8 16
6 10 40
4 7 50
0 2 41
21 3 43
21 23 35
22 1 71
17 20 73
12 15 44
0 1 64
3 6 1
19 23 59
20 22 51
19 22 43
18 21 39
11 15 16
7 10 42
11 15 2
6 10 31
20 23 60
7 10 29
21 23 69
23 1 26
23 2 28
20 23 8
10 12 41
4 7 45
21 23 26
6 10 13
6 9 6
8 11 7
15 17 15
20 22 60
19 23 41
6 9 9
13 17 67
10 13 24
23 2 74
3 4 6
12 15 57
7 9 27
21 0 19
7 9 73
3 6 56
5 10 45
3 5 38
14 17 56
14 16 49
10 14 64
7 12 34
23 3 65
12 15 57
2 4 70
12 14 46
5 7 35
9 12 43
6 7 64
14 18 25
10 13 44
7 10 37
21 2 51
1 5 57
1 5 55
3 5 1
4 7 67
5 6 21
4 8 3
13 16 11
18 20 7
21 2 37
3 7 1
8 11 28
0 2 24
17 19 46
11 15 15
14 17 39
15 18 68
19 20 27
10 13 10
7 10 40
23 3 37
10 12 40
20 22 54
21 23 9
0 2 42
2 4 28
6 9 10
22 1 46
21 0 19
19 0 27
5 10 60
21 22 26
6 9 28
4 6 10
10 12 60
7 12 37
12 16 75
2 7 28
6 9 2
1 4 51
23 4 8
2 4 74
17 21 5
20 22 11
2 4 39
4 6 47
0 4 71
23 3 65
2 6 15
2 6 36
15 16 4
10 13 55
7 10 61
11 14 25
15 19 68
21 0 39
19 22 56
18 22 50
21 23 20
12 18 43
12 14 65
0 2 56
8 11 62
7 11 17
7 11 4
10 12 43
18 21 23
7 9 25
22 2 64
18 20 10
2 6 50
21 1 32
3 7 26
10 14 60
17 19 19
8 11 16
8 11 51
4 7 38
2 5 29
6 10 30
0 3 58
7 12 57
16 18 50
1 3 43
23 2 65
16 18 63
4 7 39
9 11 42
17 19 45
18 22 43
0 5 6
9 11 6
4 8 75
3 6 52
7 11 38
17 21 65
19 22 37
9 12 29
2 3 49
3 6 66
2 5 42
13 16 13
17 20 29
9 11 47
5 8 1
2 4 52
15 17 10
21 0 4
14 17 61
18 21 44
19 20 24
18 22 13
11 14 40
18 20 8
3 5 53
23 1 67
14 17 28
12 16 67
22 1 45
22 1 62
19 22 69
0 3 34
22 1 58
1 4 39
19 23 18
19 22 58
18 21 51
7 11 22
2 6 18
3 7 39
0 3 49
16 19 27
4 7 37
10 15 41
22 0 42
19 21 40
20 22 5
7 10 9
9 14 66
16 20 28
15 18 73
14 16 19
19 22 41
16 19 55
2 5 20
19 20 9
22 1 48
13 17 15
23 1 20
21 2 65
16 19 65
12 15 55
23 3 26
5 9 15
1 4 55
1 3 4
12 13 37
13 18 59
10 14 49
20 23 6
18 19 41
15 19 63
20 23 59
15 19 4
5 7 18
22 1 40
13 15 35
16 19 32
8 12 67
11 15 13
6 9 61
21 0 15
11 14 17
0 3 68
20 0 35
23 3 66
0 1 11
5 9 69
20 1 66
20 0 31
3 6 72
8 11 62
3 6 11
2 4 37
23 1 21
13 16 30
22 1 1
5 7 34
7 10 49
14 16 17
6 11 7
7 10 20
13 16 46
9 11 59
15 17 31
15 19 16
11 14 44
9 12 17
6 10 31
11 16 5
19 22 26
13 16 42
19 23 23
16 19 62
7 10 65
8 11 14
6 10 12
15 17 19
20 22 15
13 15 20
5 7 47
16 19 25
1 4 68
0 3 2
15 17 16
8 11 18
6 9 49
15 18 55
8 12 8
19 23 63
12 14 9
19 23 58
21 22 61
15 18 7
22 23 35
22 1 16
13 16 34
2 4 55
21 0 58
7 9 47
4 7 4
3 6 7
6 11 69
6 10 32
15 18 36
8 12 16
19 23 72
14 18 57
8 12 27
4 7 40
13 17 23
22 1 62
14 18 55
7 9 73
19 21 31
23 1 53
5 7 17
4 7 1
9 12 73
10 13 58
14 17 18
20 1 48
15 19 27
12 15 1
14 17 20
3 6 68
16 18 30
21 0 3
11 14 4
10 14 44
12 15 41
8 10 23
10 13 70
7 11 74
1 5 31
7 10 61
18 20 33
9 11 24
13 16 75
22 23 46
3 7 5
20 0 23
4 6 10
1 7 62
16 20 1
22 1 7
21 0 16
4 7 42
11 15 75
4 7 8
21 1 26
7 10 16
18 21 73
4 7 44
9 10 50
16 21 50
8 10 49
4 7 43
23 1 16
4 7 53
14 16 15
1 6 18
21 0 41
17 19 75
2 6 23
5 8 53
19 22 27
22 0 15
22 1 57
10 15 12
17 21 48
4 7 5
19 23 6
0 1 52
2 6 23
0 4 66
16 20 65
20 23 7
14 15 59
13 15 72
7 9 61
13 17 22
13 18 49
13 17 61
17 21 72
0 2 13
22 0 44
20 23 62
1 4 61
13 17 12
5 9 15
18 21 7
21 23 73
19 23 27
23 2 65
7 10 66
12 15 48
2 6 46
12 15 53
11 13 25
4 7 37
23 2 28
20 21 61
9 12 13
15 18 33
13 15 46
18 20 26
0 3 33
4 8 17
22 0 9
21 0 70
22 4 28
17 20 7
15 17 19
11 15 23
13 15 52
17 21 70
21 0 53
17 19 11
6 8 73
13 15 60
15 18 20
12 16 25
2 5 52
8 12 27
4 7 34
5 7 19
23 2 4
3 6 63
6 9 6
23 1 71
14 18 43
14 17 16
11 14 64
22 1 38
6 11 31
6 9 48
0 4 12
0 3 11
21 1 72
13 15 3
6 10 49
13 15 6
15 16 15
2 5 20
17 19 71
15 18 31
1 4 23
3 8 40
5 8 8
2 4 75
3 6 1
8 11 9
5 7 16
1 3 20
1 3 23
21 0 63
18 22 10
10 13 48
1 3 9
6 8 1
0 2 20
8 11 68
10 12 31
23 4 61
7 11 33
15 20 5
8 11 69
16 18 27
10 14 43
21 1 8
1 4 14
4 8 3
17 18 74
17 19 39
15 17 2
9 12 26
16 18 46
19 23 18
22 23 40
10 13 21
7 10 56
14 17 33
11 13 37
16 16 48
9 11 17
14 18 66
14 16 3
18 22 3
3 8 68
2 5 31
18 19 30
2 5 69
3 5 27
16 20 63
16 19 29
11 14 63
21 23 58
9 11 23
16 21 6
17 21 73
6 10 34
7 12 23
2 5 36
20 0 74
21 1 45
2 6 35
2 5 28
12 14 47
0 2 52
5 6 26
14 17 10
3 6 32
10 14 57
16 19 9
22 1 66
23 2 30
18 22 5
11 14 7
11 14 43
22 2 75
11 13 9
1 6 40
21 1 18
4 7 62
17 19 26
11 13 57
1 4 47
9 12 13
13 15 62
9 13 69
0 3 70
0 2 48
10 14 74
17 19 28
14 17 18
10 13 43
9 10 74
16 19 13
14 17 4
7 8 69
16 19 69
9 11 45
21 0 68
20 23 55
16 17 43
1 2 69
14 18 34
0 4 39
13 14 41
5 8 2
13 15 72
5 8 49
19 21 74
5 8 10
3 8 17
6 9 64
1 2 25
22 0 48
3 5 54
4 8 50
16 18 74
23 2 23
4 8 59
9 12 32
19 21 5
0 3 17
1 4 41
11 13 52
5 8 37
16 19 63
12 15 13
21 23 59
12 15 74
11 14 4
16 21 50
23 2 31
0 4 30
0 4 70
1 3 33
20 23 72
18 21 47
21 0 51
1 4 32
16 19 5
18 20 72
5 8 35
22 2 4
5 7 55
14 17 55
9 12 34
6 9 1
4 8 74
15 18 21
4 7 23
16 18 31
0 2 13
21 1 40
9 12 7
16 19 37
16 20 49
1 5 20
14 15 16
1 4 19
13 16 67
12 15 41
19 21 74
9 12 66
12 16 40
10 12 6
14 18 41
13 16 5
22 2 46
8 12 68
16 18 63
3 9 31
18 20 2
2 4 40
7 10 49
15 19 42
13 17 72
17 20 41
6 10 29
5 8 46
0 2 35
12 14 69
6 9 39
9 13 28
3 5 55
22 2 1
12 16 54
7 10 66
11 14 31
21 23 1
15 19 55
5 7 59
13 15 32
1 5 7
6 9 10
2 5 66
0 2 37
13 16 52
13 17 48
16 18 47
18 20 36
17 20 3
14 17 23
23 2 49
0 4 48
8 10 20
20 0 39
0 3 75
7 10 54
3 7 57
1 5 46
12 14 4
20 0 73
19 22 33
7 11 41
23 2 73
6 9 3
7 9 63
6 8 25
10 12 26
19 21 34
0 3 5
10 14 62
6 8 45
18 20 71
14 18 37
3 6 59
6 10 25
6 8 53
22 1 38
9 12 69
6 9 73
5 8 41
7 10 72
9 12 26
10 13 38
1 2 12
18 21 14
1 3 46
8 13 64
7 9 21
10 12 21
16 19 9
6 8 46
4 8 50
17 19 17
6 9 45
19 0 47
3 4 28
18 20 67
1 2 31
22 2 19
18 21 42
19 21 59
4 7 35
21 1 10
3 5 57
14 18 14
7 11 62
13 16 11
10 14 64
17 22 31
0 3 52
10 14 67
16 18 62
1 5 69
10 13 73
12 15 18
4 7 40
13 17 63
12 15 30
19 21 6
20 23 6
10 14 47
2 5 11
11 13 3
8 11 70
16 18 56
16 20 14
8 9 64
17 20 19
15 19 69
6 10 51
12 14 9
2 5 4
9 12 22
0 1 7
19 22 43
10 13 51
16 21 75
21 1 75
13 16 22
12 13 15
16 18 35
2 5 2
22 1 65
10 13 30
17 21 13
14 17 38
22 3 9
8 12 47
21 23 64
11 14 34
0 3 56
21 1 20
23 3 69
23 3 17
11 14 27
18 21 8
10 13 49
11 15 20
19 20 54
21 1 29
13 15 54
12 15 11
5 9 4
9 12 44
16 19 55
13 15 19
10 14 51
3 6 29
11 12 62
9 12 20
19 23 39
11 14 45
21 0 46
8 10 70
14 17 43
4 9 62
5 10 68
6 9 46
12 13 71
4 7 27
5 8 15
18 22 17
2 5 45
18 20 70
13 16 24
2 7 55
7 10 19
23 3 10
12 15 72
15 15 48
7 10 56
23 0 68
11 13 60
10 11 63
8 11 53
20 0 61
22 1 9
21 0 21
16 19 5
18 22 75
2 5 44
0 5 49
14 19 45
18 22 25
3 7 14
3 6 59
20 23 34
8 11 4
19 22 33
23 2 1
7 11 37
23 4 68
3 5 6
3 6 60
9 13 49
12 15 24
8 10 45
21 23 39
4 7 51
8 9 29
17 19 10
9 12 55
16 18 28
2 6 48
2 7 37
18 22 72
0 4 66
21 23 29
21 1 57
22 2 29
21 1 14
8 11 54
5 8 30
17 21 43
9 11 67
8 11 48
3 6 49
10 14 2
1 5 68
4 8 72
17 19 58
20 1 56
17 20 59
17 19 48
21 0 52
22 0 59
9 12 2
15 18 69
12 16 21
11 15 72
22 0 42
3 5 56
10 14 33
8 12 21
16 19 54
13 15 49
9 13 64
20 23 9
5 8 75
23 1 36
9 13 19
18 21 17
8 11 12
19 22 3
11 14 55
19 21 12
1 3 9
0 3 18
19 22 70
3 6 39
12 16 62
10 13 4
12 15 67
22 3 22
17 20 74
19 23 33
7 10 15
6 9 64
0 3 58
1 5 27
2 5 35
0 5 53
22 2 14
0 3 33
18 21 46
5 9 48
4 7 41
23 4 29
9 13 74
2 3 34
20 0 35
14 17 26
8 8 71
12 14 27
4 8 32
13 15 56
21 23 59
13 16 26
2 5 38
21 0 53
12 17 61
10 13 21
5 8 45
8 12 51
15 16 23
21 0 53
22 3 4
17 19 8
8 10 6
18 22 66
4 7 73
2 4 5
6 8 69
8 11 48
21 23 41
11 13 59
21 23 11
2 8 50
22 2 10
23 2 14
4 5 51
3 6 72
18 22 19
1 4 56
6 8 55
17 21 73
23 2 50
11 14 50
12 16 7
18 21 6
19 21 4
19 21 7
20 22 54
15 20 25
1 4 22
10 13 65
7 10 73
15 19 16
14 20 6
20 22 74
11 15 52
0 3 27
7 10 12
15 19 62
13 16 73
22 1 27
8 11 34
15 18 18
7 11 50
18 19 19
5 7 48
3 6 6
16 19 32
18 22 51
2 4 72
14 18 14
11 13 42
1 4 58
22 0 53
11 13 45
7 10 20
14 17 33
1 4 31
6 10 63
21 23 8
2 4 3
1 3 73
17 19 18
7 10 43
7 12 10
1 1 14
13 16 50
14 17 22
18 22 17
2 3 35
9 12 64
17 22 30
18 22 65
4 8 53
17 21 29
20 0 72
16 19 74
12 13 27
4 7 4
21 23 15
14 17 9
6 8 52
2 4 44
0 3 7
18 21 48
11 13 6
1 3 45
19 22 27
21 0 68
22 1 14
9 13 44
17 20 42
10 13 36
21 0 60
8 13 46
15 19 16
20 23 49
14 15 32
11 14 72
14 16 12
9 13 58
17 21 45
13 15 59
13 16 41
7 9 44
14 17 36
11 15 1
16 19 17
22 2 3
23 2 48
22 3 34
1 3 6
1 2 4
18 21 13
21 22 32
15 19 75
12 15 70
5 8 26
17 21 53
16 20 18
9 12 47
22 2 65
22 0 3
3 3 64
6 10 1
7 10 2
17 20 64
12 15 10
13 16 63
23 3 4
21 0 20
8 10 67
4 8 10
4 8 9
19 20 43
16 19 38
14 17 16
17 20 5
11 12 25
14 17 7
14 17 31
23 2 30
10 14 27
6 9 73
7 10 51
17 21 1
12 17 19
21 23 47
22 1 32
16 18 30
13 15 49
10 13 63
12 15 15
4 8 74
1 5 73
4 9 51
15 17 11
6 8 53
14 16 73
9 13 54
16 19 40
3 6 26
19 22 72
23 2 49
12 16 5
1 6 24
18 22 63
1 6 36
0 3 50
1 3 40
17 20 70
18 22 37
1 4 73
13 15 34
4 7 35
22 1 46
6 8 4
5 8 29
14 17 62
0 3 42
15 17 71
20 1 17
18 22 21
19 22 2
16 18 2
13 17 17
1 4 60
0 3 31
16 19 70
1 5 14
6 8 48
21 0 57
10 12 72
19 22 72
12 15 51
18 21 37
12 16 19
2 5 35
9 13 32
8 12 44
9 11 5
18 21 67
21 0 60
1 5 61
22 1 65
14 18 14
5 8 13
13 16 25
21 1 21
16 20 58
12 14 58
19 22 52
21 23 30
18 21 72
18 20 70
1 3 35
12 15 35
7 10 68
4 7 18
10 12 69
13 17 57
12 15 30
10 14 19
3 6 5
3 7 56
0 4 48
11 15 17
19 23 32
1 4 34
22 1 14
10 13 14
3 8 23
19 23 66
9 11 59
11 15 67
2 5 71
22 2 15
12 15 65
19 22 12
3 6 35
4 8 10
0 3 33
17 20 71
5 7 66
11 15 28
4 8 33
5 11 8
19 23 52
19 21 56
19 22 21
11 14 31
15 18 35
23 0 44
4 7 51
4 9 75
9 12 1
9 11 29
19 22 63
5 9 9
20 21 12
7 9 59
10 13 69
3 6 47
3 7 36
12 14 71
6 8 53
3 5 13
0 4 16
20 0 37
0 3 46
3 7 3
8 9 40
18 20 48
3 7 55
3 7 5
22 2 4
18 19 43
8 12 47
15 18 52
14 17 16
12 15 32
20 23 7
1 5 31
11 15 24
12 15 69
23 2 13
22 1 35
1 4 7
2 5 14
18 19 66
10 13 52
19 20 18
18 20 36
16 20 63
22 3 16
2 4 28
21 0 64
2 4 47
3 5 31
8 11 28
19 21 66
1 3 62
3 5 4
2 6 49
23 4 18
9 12 28
15 18 31
14 18 46
21 1 61
3 6 20
0 5 36
1 4 1
14 17 72
23 1 68
22 2 72
3 6 7
10 12 1
14 17 12
2 6 18
14 18 41
1 5 27
19 21 58
14 18 33
18 21 6
15 18 74
14 16 10
6 8 68
8 12 27
15 17 18
20 22 25
0 3 52
2 6 41
8 11 54
2 5 27
5 8 57
21 23 23
7 9 8
6 10 50
9 12 29
13 17 20
10 14 64
1 4 42
7 9 53
9 11 25
14 16 5
19 0 75
16 20 75
15 18 60
4 6 59
18 21 62
7 11 41
3 7 37
5 10 14
10 14 25
1 5 5
2 6 54
12 16 73
8 10 43
15 15 7
16 18 29
7 11 50
23 3 27
20 22 56
5 9 51
22 2 49
10 11 31
10 13 56
17 21 12
10 14 53
0 4 3
16 19 41
11 13 4
10 13 38
13 16 14
16 20 12
2 6 35
19 22 35
15 18 58
5 7 53
6 10 46
23 2 67
21 0 5
21 0 17
17 20 45
17 20 50
4 6 72
13 17 54
5 8 72
21 23 75
19 0 16
0 3 9
6 7 11
9 11 55
3 5 37
21 23 45
0 4 13
4 7 50
3 6 63
10 13 6
3 6 10
21 2 27
15 19 24
9 12 51
6 8 47
13 14 50
22 1 45
18 21 26
5 7 14
6 8 67
2 5 42
11 13 19
11 15 36
5 10 64
18 20 48
5 9 62
11 13 48
8 10 38
3 4 43
5 6 3
20 0 61
22 2 35
0 3 20
2 6 29
15 18 67
4 8 47
16 18 68
7 12 50
22 23 1
5 8 64
2 5 9
7 11 51
2 6 48
2 5 65
14 19 29
8 11 5
6 9 67
22 1 62
0 2 46
20 0 11
20 0 12
6 10 29
1 5 25
14 15 23
19 22 60
17 21 53
6 7 26
9 11 66
22 1 26
10 13 51
14 18 33
16 19 69
2 5 8
18 23 15
0 5 75
2 6 15
23 2 58
6 8 12
7 11 56
2 5 74
12 14 56
16 18 68
14 16 73
8 11 11
0 3 32
18 21 16
3 6 23
9 12 54
0 3 47
7 11 52
4 6 67
20 22 42
19 22 44
2 4 5
10 13 75
8 12 36
18 21 37
19 0 40
9 12 19
16 20 62
10 14 46
18 19 48
13 18 67
22 1 46
21 3 43
17 22 61
8 14 20
15 17 70
9 12 56
13 17 3
9 13 40
19 21 5
18 21 13
7 12 33
13 14 37
15 17 42
21 0 52
11 13 16
21 0 59
16 19 55
16 20 58
17 19 16
21 23 74
11 13 73
17 19 70
17 19 43
20 22 36
10 13 13
6 9 40
9 11 42
22 0 21
22 0 35
0 2 62
4 5 38
18 22 70
12 16 41
16 18 22
1 4 41
11 13 52
1 5 18
16 18 37
3 3 2
1 4 56
13 15 5
6 8 37
14 17 60
21 0 59
13 18 66
0 3 54
22 2 16
19 0 39
22 0 25
3 9 4
5 9 28
17 20 37
3 4 34
5 9 51
19 21 14
23 4 59
16 20 12
18 21 75
12 13 11
9 13 43
9 12 75
18 20 34
13 15 13
14 18 44
16 18 36
5 8 15
3 4 14
11 14 43
14 18 20
14 17 26
18 22 50
19 22 73
5 9 43
4 7 36
5 8 74
1 5 33
20 21 56
7 9 50
13 14 39
19 21 45
9 12 60
19 22 19
12 15 13
14 17 28
0 2 23
12 14 48
4 8 52
16 19 50
22 0 51
14 18 32
6 7 67
23 3 56
21 1 49
18 21 55
3 6 57
11 15 14
1 3 48
18 22 32
5 8 35
12 14 49
4 7 15
20 0 4
10 13 31
4 6 35
7 9 41
9 11 65
22 0 62
20 21 41
3 6 5
16 18 62
9 12 39
9 11 10
6 10 29
8 11 62
11 16 9
0 2 29
23 2 35
6 10 46
18 19 45
15 19 16
20 22 11
17 19 33
3 6 39
2 6 46
1 4 10
0 2 57
18 21 37
23 3 17
0 2 75
0 4 53
15 19 6
8 11 2
10 13 43
19 0 42
14 17 4
8 10 60
23 3 66
3 6 12
10 13 52
16 18 24
20 0 22
6 10 42
4 7 57
10 13 31
10 14 1
21 0 29
12 13 33
6 10 27
5 9 50
3 7 65
13 17 10
3 6 16
18 22 57
12 16 36
13 16 19
20 1 40
23 2 42
12 15 10
20 2 31
0 5 16
13 16 20
10 14 27
9 12 39
1 5 30
18 20 39
17 21 42
19 22 74
2 6 49
17 20 19
3 5 19
14 17 7
1 4 21
7 8 19
11 14 69
16 19 21
16 18 19
9 12 56
3 5 69
5 8 26
21 1 44
1 3 32
10 12 39
9 13 55
3 6 21
17 21 15
17 20 46
1 5 53
14 15 43
1 4 34
15 18 49
2 7 54
17 20 20
17 21 14
18 20 55
19 23 40
15 19 15
22 2 22
12 15 61
19 23 8
11 16 24
19 21 8
18 20 43
21 0 4
7 10 38
10 13 58
0 4 24
7 9 40
11 14 6
9 12 31
14 19 1
13 16 47
22 2 30
2 4 27
18 22 67
8 11 25
15 18 65
13 16 25
17 21 37
13 16 14
6 10 18
13 15 46
10 15 11
1 4 67
15 18 18
3 4 27
0 3 10
1 3 69
22 1 56
20 0 41
9 10 51
2 5 67
4 6 29
17 20 41
16 19 33
0 4 58
7 10 13
10 11 10
2 7 40
22 2 55
21 23 74
16 19 47
14 19 37
4 5 47
20 0 8
18 22 4
7 10 18
14 17 37
20 21 18
0 2 19
6 9 63
3 6 6
3 5 74
0 2 5
12 16 21
16 19 29
6 9 44
3 6 63
17 20 33
6 8 27
4 6 38
14 15 12
14 17 70
14 17 74
4 10 58
11 12 66
23 1 38
1 2 40
16 19 64
12 16 9
12 15 36
23 3 16
1 3 60
14 16 13
20 23 47
2 5 2
2 7 24
12 13 41
10 14 59
23 1 55
10 13 67
3 6 57
0 5 10
23 4 67
3 5 6
20 23 33
13 17 16
21 23 40
11 14 62
0 2 42
11 15 12
10 13 21
5 9 43
11 14 38
11 14 22
23 3 65
20 23 37
7 11 8
7 9 3
8 9 15
14 17 18
19 21 48
4 7 49
15 18 61
6 8 72
7 11 49
14 18 73
4 8 30
3 5 43
6 8 31
19 23 6
6 9 67
23 3 30
6 11 70
15 19 55
14 15 69
23 2 18
0 4 53
15 19 27
9 11 19
2 4 17
21 1 8
18 21 22
22 2 11
4 5 19
6 9 47
8 12 32
22 0 40
22 1 26
10 14 22
6 10 17
20 23 64
18 22 3
6 9 15
19 22 16
2 5 8
1 4 52
16 20 37
2 5 49
12 13 66
11 14 35
9 12 43
3 6 64
18 23 11
20 22 57
9 14 55
12 15 55
21 23 20
2 5 20
1 4 38
7 9 73
10 15 1
3 6 75
7 11 31
10 13 32
4 7 21
8 10 13
2 5 26
1 4 15
23 1 44
22 1 43
10 12 54
12 16 25
6 8 34
15 19 61
22 0 27
16 19 49
11 15 51
16 20 31
17 21 34
15 18 75
11 14 11
18 20 73
0 4 42
21 0 71
7 9 4
9 11 6
3 5 18
17 21 30
9 13 54
12 15 20
3 6 9
16 18 20
17 20 63
7 10 68
14 17 3
6 7 69
18 20 2
4 8 69
9 11 7
15 20 39
0 2 59
11 13 56
13 17 59
6 8 45
10 12 25
9 11 13
23 3 53
7 9 6
6 10 25
13 14 29
21 0 27
21 0 40
10 12 9
7 11 70
6 9 72
22 2 48
7 10 5
7 8 42
0 1 54
5 8 58
15 17 23
18 22 11
14 16 55
3 5 33
14 18 38
16 18 13
17 19 8
11 15 73
21 0 30
0 4 39
10 13 58
2 3 72
3 5 30
12 15 39
16 20 70
23 2 67
9 12 12
11 14 35
1 5 9
15 20 61
7 10 30
21 0 51
21 0 8
19 22 22
3 6 57
12 15 41
1 2 39
13 15 20
3 6 47
21 23 28
2 5 41
8 10 57
5 8 46
17 20 72
8 10 72
15 19 68
5 8 12
9 11 24
0 3 12
3 5 69
5 10 1
11 15 39
19 21 12
15 18 33
1 3 9
9 12 55
0 5 45
1 5 57
15 18 3
2 5 31
9 11 9
14 17 45
21 0 69
20 1 44
0 2 9
9 11 12
18 19 47
17 20 52
15 19 68
3 6 61
14 16 28
21 0 38
19 21 3
10 11 41
19 0 62
4 7 30
3 6 68
6 6 40
22 1 42
7 11 49
5 7 51
15 17 48
6 8 29
8 11 12
1 5 55
20 21 57
9 12 69
12 16 64
18 21 63
19 23 59
2 4 2
16 20 16
1 1 54
22 0 1
23 2 53
15 19 27
6 8 41
20 23 23
6 10 7
22 2 75
14 17 24
10 13 50
12 16 55
19 22 63
9 12 66
11 14 12
0 3 1
1 3 50
3 4 65
12 17 31
8 11 50
4 8 72
7 10 12
9 12 50
13 15 11
12 15 31
8 10 63
21 0 11
8 11 2
2 3 26
23 2 53
19 0 21
21 2 44
0 2 66
4 7 19
18 20 67
8 11 64
10 13 54
20 0 46
21 0 54
11 14 31
0 2 13
1 4 32
13 18 17
15 17 20
2 5 65
10 14 24
5 9 20
16 17 75
21 23 21
19 21 62
20 0 43
20 23 3
21 23 38
9 11 64
2 6 14
23 4 29
7 9 29
19 23 69
2 5 29
7 11 13
9 11 10
7 10 32
9 11 6
18 20 27
9 12 38
22 1 61
8 12 64
23 3 22
5 9 7
4 8 70
18 22 4
0 4 3
17 20 40
9 13 22
15 18 56
16 19 54
12 14 14
11 14 15
9 10 64
16 19 35
1 3 38
9 12 27
23 2 37
1 4 67
10 12 1
11 15 24
2 5 32
18 20 73
18 22 29
7 11 42
22 0 72
11 14 67
20 0 71
15 17 68
14 18 46
3 5 54
14 17 29
12 17 25
16 20 39
16 19 55
20 22 69
10 13 11
12 16 56
5 6 52
15 18 26
20 23 41
10 13 4
16 20 54
10 13 4
22 23 59
8 10 33
3 8 22
19 22 74
22 0 49
3 4 6
5 9 1
11 14 36
3 7 3
5 7 75
4 7 9
22 1 39
15 16 23
15 18 29
9 13 75
6 10 32
6 10 23
22 1 47
7 11 28
5 9 47
8 8 58
2 7 25
20 23 46
0 2 14
7 10 37
23 4 22
8 13 32
4 6 69
13 16 17
18 21 65
13 16 37
23 2 11
6 9 18
13 14 47
9 12 47
21 1 2
15 19 50
23 0 48
13 17 60
18 21 53
22 3 57
22 0 57
22 1 8
18 22 75
2 5 31
8 9 44
22 0 13
1 4 1
18 21 46
8 13 33
18 20 53
9 11 16
0 3 6
11 15 65
13 15 47
13 17 2
14 18 2
5 8 22
15 17 38
13 18 73
10 13 3
6 9 55
5 8 14
20 23 48
12 15 49
19 22 32
3 5 46
1 5 27
5 9 71
6 11 44
23 3 72
8 10 8
0 3 62
13 17 74
11 15 22
4 7 30
6 8 7
1 5 21
20 22 3
8 12 56
12 16 5
7 10 11
4 7 59
13 17 13
4 6 31
10 14 10
10 13 73
1 3 18
12 15 24
16 20 18
16 20 26
9 13 21
15 18 44
6 12 10
23 2 16
13 17 20
10 13 43
19 21 25
7 12 51
15 19 10
4 7 32
10 12 52
19 21 37
14 17 27
16 18 53
19 21 3
19 21 22
21 0 32
13 15 12
2 4 73
3 8 18
6 11 11
5 9 57
5 10 28
20 21 57
18 21 54
19 0 37
6 10 59
19 22 40
21 2 12
5 8 51
16 20 69
10 12 32
19 22 57
22 1 50
9 11 2
15 18 63
16 19 51
19 22 70
14 17 19
6 8 24
7 10 16
12 13 36
12 16 22
0 3 71
16 20 16
3 7 56
9 11 43
16 18 24
12 16 52
19 22 38
4 6 70
16 21 29
21 23 59
6 8 46
2 5 14
19 22 69
22 2 63
11 14 50
15 19 24
14 16 11
1 3 72
4 7 15
6 10 20
15 17 45
5 6 44
17 20 23
2 4 32
3 5 75
3 7 42
9 12 20
15 18 26
7 11 57
19 0 64
8 13 73
11 15 32
13 17 75
11 14 53
1 5 1
23 4 12
21 23 4
6 9 40
12 16 42
4 6 27
13 16 42
17 20 71
8 11 74
21 23 49
4 8 65
8 11 69
16 19 7
8 10 2
22 0 75
17 20 51
6 10 23
21 0 24
1 3 66
2 5 7
12 15 32
13 17 65
21 0 52
3 6 57
15 19 12
1 4 9
7 10 72
17 21 58
6 9 23
11 15 51
2 6 8
10 13 47
1 2 42
8 12 33
12 15 1
12 14 10
1 4 59
0 3 27
14 16 69
17 21 3
5 7 20
0 3 68
18 21 59
23 1 18
2 5 43
13 14 59
22 2 40
14 19 47
4 6 53
13 16 9
11 12 34
13 18 34
19 21 70
2 8 20
11 14 60
16 19 61
17 19 39
22 0 32
19 21 72
5 7 63
7 11 45
6 8 40
9 13 45
6 11 58
7 10 46
19 22 21
21 1 29
20 1 54
9 12 10
2 6 17
21 1 18
8 12 23
2 5 15
3 5 36
13 17 52
4 5 39
20 0 50
9 12 39
3 6 33
18 21 46
0 2 57
2 3 39
16 18 71
8 12 37
1 5 52
5 7 75
11 14 16
5 8 4
0 5 71
13 15 36
2 5 70
10 14 34
7 12 71
3 6 41
22 0 9
19 23 42
10 12 59
23 0 63
14 16 63
22 0 9
21 23 34
16 20 45
17 19 38
12 13 32
3 6 45
23 2 12
5 10 11
3 6 66
7 9 30
3 4 63
11 13 4
12 15 50
0 4 8
23 3 69
9 11 40
10 14 69
14 15 44
22 0 46
10 13 29
10 13 54
5 9 71
1 2 42
7 12 64
3 6 25
9 13 57
7 11 67
15 17 40
19 22 9
5 9 64
0 3 65
2 5 42
14 16 65
6 9 61
22 1 14
16 20 27
3 5 8
5 8 55
12 16 11
6 9 29
16 19 48
20 0 69
0 3 71
7 11 38
11 13 2
11 12 56
7 9 9
9 14 41
23 2 21
5 8 75
15 19 63
0 3 34
13 15 73
18 21 68
23 2 60
9 11 31
2 4 53
20 22 56
7 9 10
9 11 55
17 20 31
11 13 58
10 13 36
19 23 10
2 6 65
2 5 72
6 9 21
22 0 2
4 8 40
22 1 9
7 9 26
22 0 16
8 10 19
2 4 17
6 10 2
18 20 26
7 10 43
10 13 12
10 15 60
0 3 50
15 18 12
16 20 3
9 11 22
7 12 48
21 22 1
5 8 45
15 18 59
15 19 14
17 19 70
0 2 49
8 10 16
23 2 63
13 16 4
11 16 44
3 7 50
17 20 67
10 13 42
11 15 68
1 3 28
5 7 62
21 1 28
15 20 71
20 23 37
17 20 74
20 23 58
8 11 8
14 17 30
0 3 22
7 10 35
19 21 65
14 17 40
22 1 15
15 17 6
1 4 29
20 23 37
10 13 6
12 13 60
10 12 4
14 17 39
13 16 31
19 21 49
2 3 42
15 19 67
4 6 35
10 14 3
20 22 20
22 2 39
0 2 14
7 9 17
14 18 37
20 0 54
20 23 74
19 22 14
2 7 73
5 6 55
21 0 40
16 19 55
10 13 15
14 15 24
6 10 3
3 7 28
10 13 27
7 10 68
10 13 59
6 9 8
6 9 25
11 14 8
19 23 21
11 16 70
20 22 61
1 4 72
12 14 49
1 3 50
7 10 70
13 15 14
23 2 59
1 2 51
3 7 48
4 6 55
5 9 38
8 10 58
3 5 60
1 4 22
6 10 28
14 17 43
11 12 53
20 0 61
4 7 49
6 8 15
13 16 15
2 4 25
10 13 59
17 20 46
23 3 3
4 9 35
5 9 12
2 4 68
11 15 58
23 3 61
3 5 69
23 1 6
9 9 4
1 4 13
1 2 65
8 12 35
4 9 40
11 14 58
1 5 16
0 2 6
22 3 59
3 5 72
12 15 26
19 22 30
4 6 56
19 22 34
17 19 75
11 14 57
12 15 29
6 10 6
3 7 51
13 16 26
7 10 32
10 12 8
10 14 64
18 20 15
0 3 10
14 17 31
13 15 64
8 12 75
6 9 58
9 12 11
23 3 22
19 23 63
12 15 63
2 4 31
6 11 72
3 6 7
8 12 59
20 0 30
18 20 50
22 3 40
10 13 23
9 12 9
22 1 7
11 14 8
10 13 35
10 14 27
13 14 13
9 11 45
9 12 9
19 23 28
16 20 66
6 9 64
11 14 53
7 10 34
15 18 45
11 14 46
23 2 3
6 10 5
8 11 59
6 9 36
10 15 53
1 3 46
17 20 65
18 22 61
15 17 62
18 23 26
20 22 63
5 7 30
1 4 66
7 9 45
13 16 32
8 11 63
10 13 27
2 4 30
7 10 29
13 16 27
2 7 16
6 10 59
18 21 62
19 22 51
16 19 14
1 4 40
11 15 65
13 14 54
4 8 63
6 11 64
10 14 62
5 8 9
8 11 19
21 2 43
6 8 37
17 21 30
19 23 31
16 18 57
2 6 10
10 14 42
22 0 54
3 7 56
1 3 19
13 17 1
9 11 69
1 7 8
13 16 45
17 19 15
14 17 50
11 16 17
4 9 6
3 6 50
11 15 38
10 13 8
16 18 34
16 19 50
14 17 45
14 17 29
7 10 32
0 5 63
16 20 7
19 22 55
7 10 29
14 16 9
22 2 25
7 9 19
22 1 18
20 0 42
3 6 35
12 15 11
11 15 40
13 19 54
16 19 33
21 0 15
2 5 30
2 4 18
11 13 71
23 4 60
1 3 16
1 6 7
10 13 73
13 16 58
18 22 68
11 16 40
2 3 16
14 17 47
0 1 65
22 0 67
4 8 27
17 21 45
5 8 70
16 18 55
13 16 9
22 2 8
2 6 8
21 0 6
23 2 23
2 3 13
16 18 70
6 9 53
22 1 42
11 14 34
2 7 51
18 20 31
3 6 4
12 15 16
22 2 9
19 21 17
13 14 21
16 18 10
18 20 11
23 3 15
12 15 65
18 21 19
15 17 33
6 9 58
11 14 60
10 14 46
7 9 74
23 0 33
10 14 73
8 10 18
2 5 48
12 12 29
4 8 44
11 15 19
21 2 59
2 4 14
1 3 27
15 18 6
22 1 53
4 7 28
2 6 1
2 6 2
18 22 70
4 6 30
11 15 74
4 7 30
16 18 17
0 2 29
3 9 4
5 6 15
22 2 66
6 9 55
15 19 45
3 6 29
18 21 54
3 5 46
4 8 65
16 21 72
20 22 59
14 17 58
0 4 5
13 16 23
12 14 34
13 15 25
4 7 63
18 21 17
22 0 48
7 10 54
11 17 69
2 5 67
20 23 47
1 4 66
6 9 6
0 2 37
17 19 39
12 16 59
17 19 9
3 5 46
22 0 30
4 6 57
8 12 46
15 18 18
18 22 24
11 14 59
5 6 32
12 16 20
8 13 38
2 4 46
2 5 62
2 6 50
8 11 41
4 10 33
14 17 9
7 11 67
7 10 4
2 4 48
12 14 49
10 13 71
3 7 36
10 14 33
15 19 35
17 21 48
3 7 22
14 16 29
19 22 71
3 4 28
3 4 73
19 21 30
23 1 11
0 4 36
19 21 35
14 17 25
4 8 49
1 5 1
0 2 26
11 15 50
15 17 24
5 7 56
3 6 27
7 11 60
11 13 7
17 18 23
6 9 62
4 5 50
23 2 35
6 10 60
11 14 62
10 14 49
5 10 17
13 17 56
17 21 19
3 7 4
20 23 24
1 3 59
6 10 66
4 6 58
0 5 72
13 16 17
1 4 1
2 6 46
18 22 45
2 4 26
11 13 4
21 0 30
20 0 71
23 2 22
8 12 54
15 20 47
12 16 43
20 23 39
0 3 4
21 0 17
19 22 19
21 2 33
14 16 40
22 1 25
12 17 45
3 4 14
15 19 3
7 10 59
17 19 36
4 6 7
15 18 24
19 22 23
22 3 4
11 15 34
9 12 20
8 12 32
2 5 49
1 3 66
15 17 34
10 14 47
22 1 41
0 4 58
1 4 16
5 9 21
9 11 12
5 9 5
15 17 62
23 2 25
15 18 12
13 15 50
7 11 13
2 5 37
3 5 28
21 0 13
17 19 26
19 22 66
2 4 54
18 19 10
5 9 11
21 23 13
21 0 6
3 7 67
12 16 73
15 18 28
8 10 4
8 11 53
7 11 73
13 16 29
4 5 14
2 6 6
13 18 47
3 7 17
15 18 17
3 4 21
3 5 6
14 16 2
4 8 21
8 11 12
9 11 14
18 21 49
8 10 46
21 23 32
11 14 52
0 2 5
23 0 36
6 10 30
15 17 14
23 3 65
11 14 15
23 2 20
16 19 73
22 1 36
5 9 9
2 4 65
17 20 20
6 9 37
8 10 70
14 18 15
19 22 9
10 14 67
1 5 2
9 12 11
23 2 74
15 16 41
21 0 68
20 23 26
6 10 33
4 8 61
16 20 27
1 5 35
1 4 29
1 3 62
8 11 8
16 20 10
5 10 56
7 10 17
15 18 28
7 8 9
20 1 68
7 10 13
15 19 2
20 1 55
8 10 10
19 22 45
10 12 42
21 23 4
10 13 57
20 23 69
7 9 24
5 6 30
11 14 29
12 16 54
14 18 44
17 19 36
18 20 16
12 14 29
17 18 52
8 11 37
17 18 14
10 13 38
7 11 54
0 3 65
19 21 40
22 3 62
7 9 8
16 18 40
9 13 42
18 20 64
16 19 22
20 23 10
18 22 13
9 13 24
12 16 39
3 5 45
9 11 51
14 18 6
19 21 39
20 21 47
17 22 42
1 5 24
11 13 57
20 22 32
11 15 7
8 10 7
11 15 69
19 22 18
9 12 40
21 1 64
21 23 34
16 20 18
3 6 21
6 9 24
20 22 54
19 22 30
3 6 4
20 0 43
16 19 56
16 20 27
12 15 66
5 7 72
15 18 16
18 22 62
23 3 74
20 23 18
14 17 33
3 7 73
21 1 43
12 15 36
1 5 68
7 9 35
20 21 5
17 20 34
6 11 17
17 21 45
12 12 37
0 3 4
14 17 19
7 10 68
6 9 10
2 4 62
19 23 33
5 9 47
23 1 23
7 9 23
12 14 22
17 21 60
9 12 67
17 20 48
9 14 47
22 0 10
16 20 28
9 13 61
9 13 4
13 15 50
6 10 73
19 21 34
7 9 27
1 3 30
23 3 74
20 0 12
13 14 41
5 8 72
8 11 52
18 20 6
18 21 68
0 4 4
11 12 73
22 2 64
20 22 54
18 22 7
17 23 48
17 20 67
18 20 60
5 6 53
10 13 43
20 0 63
15 19 6
10 13 16
1 4 33
4 7 41
7 9 67
18 23 55
6 9 33
7 10 1
7 10 54
14 16 30
15 17 57
20 22 67
5 8 20
15 18 15
22 0 54
16 19 5
13 14 56
7 12 11
6 9 62
18 22 34
19 23 40
1 5 11
14 18 62
23 1 24
0 4 70
7 11 32
20 22 53
17 18 64
8 12 74
12 15 7
7 10 38
19 23 5
16 19 59
11 13 13
9 10 68
6 9 14
23 2 65
17 20 25
14 17 9
5 10 61
23 3 20
1 2 54
19 22 73
14 17 51
6 7 50
10 13 37
17 20 34
8 12 41
13 17 69
14 18 60
22 0 20
0 3 6
13 16 10
3 6 8
6 8 24
7 10 20
7 10 23
17 20 56
7 11 74
23 3 11
6 10 8
13 16 61
22 2 47
1 5 26
23 1 21
4 7 52
19 23 38
18 21 27
3 6 49
13 17 13
15 19 74
2 5 22
22 2 53
2 6 58
15 17 54
0 2 59
0 3 43
17 19 10
8 10 21
2 6 52
1 4 46
14 17 34
1 4 51
10 12 36
13 16 38
1 4 65
7 9 30
15 19 9
1 4 53
2 4 18
6 7 29
5 9 45
13 15 12
15 16 30
12 15 14
9 11 44
12 15 15
8 11 57
19 23 54
21 22 73
2 6 24
22 0 20
8 12 26
3 6 71
9 13 19
23 2 15
12 16 51
18 22 19
18 20 27
0 4 40
0 2 27
21 0 56
10 12 43
10 14 68
15 17 34
8 13 37
4 7 39
8 11 21
16 20 27
2 5 11
17 22 9
10 12 55
5 10 70
20 23 46
1 6 71
5 7 7
14 17 26
5 8 18
6 9 75
22 0 22
9 10 52
22 0 69
23 3 62
16 17 72
1 6 42
2 5 4
4 8 1
13 17 41
9 13 49
4 7 57
19 22 56
6 9 29
19 22 57
22 1 5
3 7 44
13 15 65
20 22 22
13 17 45
6 8 42
15 18 65
9 12 73
23 0 12
3 6 41
5 7 5
14 16 72
13 16 37
3 5 61
19 20 34
4 8 2
17 21 11
3 6 21
9 13 42
2 5 38
5 6 73
16 20 16
11 13 45
4 8 17
14 17 25
3 6 7
0 2 26
22 1 24
19 22 57
2 6 42
21 0 58
9 11 40
22 0 34
0 4 34
15 17 15
4 7 30
6 10 14
3 5 66
8 10 46
11 13 57
13 17 22
15 18 16
23 3 43
12 15 64
1 5 1
4 8 71
7 11 24
4 6 5
3 8 3
1 4 55
19 23 56
0 3 35
7 11 67
6 8 31
3 5 4
1 5 6
15 17 48
8 10 13
8 12 49
14 18 70
3 6 35
9 13 22
15 19 9
1 4 2
14 16 8
12 15 7
6 7 58
11 15 41
16 21 23
1 5 39
5 7 16
16 19 26
22 1 41
23 2 33
19 23 27
8 11 27
21 2 22
14 16 9
3 5 35
5 9 27
15 17 66
11 13 32
1 4 9
2 6 65
12 13 2
16 21 29
20 20 53
16 19 6
10 12 19
10 15 68
21 0 55
4 8 46
0 5 16
4 6 1
12 17 10
9 14 59
19 22 47
5 8 71
22 1 65
17 21 66
1 2 27
21 0 69
13 17 29
13 16 34
9 12 2
16 19 5
7 8 47
14 16 7
1 4 48
17 20 1
10 13 51
20 0 53
19 22 59
10 12 30
15 18 51
16 19 2
6 10 39
5 7 68
14 18 63
11 12 49
15 18 69
0 2 11
11 15 46
11 13 51
4 6 64
13 15 73
23 2 49
19 23 38
1 4 10
9 13 54
20 23 44
3 4 10
7 9 41
22 1 58
23 2 32
23 1 19
21 0 35
19 23 50
8 12 49
8 9 71
18 21 15
11 15 28
10 11 28
10 13 18
8 10 53
8 10 75
9 11 47
13 16 66
7 11 35
12 16 52
7 9 58
18 21 17
7 9 52
18 21 45
1 5 7
15 20 74
6 8 67
22 0 39
13 16 47
13 16 48
14 18 37
2 5 58
10 14 1
19 22 71
20 23 58
1 5 23
19 22 1
13 16 57
19 23 67
17 18 66
7 11 5
21 0 8
13 16 36
12 15 57
11 15 8
11 15 23
1 5 52
19 23 69
5 9 43
15 20 30
7 11 1
2 4 15
14 17 49
1 4 8
0 4 4
0 4 9
13 15 55
1 4 75
11 14 14
18 20 56
21 23 21
13 16 11
13 17 11
19 20 30
3 4 65
16 17 16
13 18 39
14 17 50
11 14 45
7 11 27
15 19 4
1 3 67
6 10 3
1 6 70
4 8 75
23 1 54
20 22 17
3 6 47
1 3 54
20 23 70
19 23 66
13 16 51
1 4 20
10 13 49
21 1 19
21 0 41
0 3 10
16 19 69
23 1 53
12 16 28
16 20 4
14 18 24
8 11 60
22 0 59
20 0 21
19 20 63
0 4 58
4 7 61
3 5 35
9 12 1
20 23 63
9 12 34
2 6 4
16 17 62
2 5 3
19 22 64
2 5 66
6 10 18
2 7 12
18 21 2
3 5 53
5 8 46
16 20 75
8 10 44
3 5 28
12 16 54
12 14 64
21 1 3
13 16 6
2 4 54
5 9 25
16 18 69
19 22 74
0 3 10
2 5 72
0 4 33
8 11 75
17 19 32
17 20 74
15 19 26
23 2 14
16 21 53
5 8 68
12 15 10
15 18 18
2 5 66
16 19 3
11 13 68
0 2 67
17 19 9
19 21 36
10 14 58
5 7 22
1 3 25
15 17 58
5 8 8
17 21 57
15 17 49
5 9 35
7 11 69
2 5 7
3 5 50
4 6 26
8 11 39
14 17 37
11 14 73
8 11 74
16 17 17
10 13 56
10 14 55
17 22 51
17 21 5
5 8 42
14 19 55
17 19 4
10 12 18
0 3 67
14 17 66
13 15 41
5 8 46
11 14 40
22 1 63
21 0 14
17 21 14
15 19 72
12 15 11
8 13 65
0 4 15
7 10 3
7 10 23
20 22 35
12 14 55
5 8 31
19 21 74
20 23 66
2 4 55
17 20 32
7 9 75
16 19 65
10 13 74
2 4 37
17 20 44
12 15 21
10 13 71
21 0 42
20 22 43
7 10 66
21 0 72
9 12 16
3 7 33
0 3 48
14 15 22
19 21 13
5 8 46
16 20 48
9 12 69
2 5 61
17 18 48
21 1 23
4 8 23
10 14 45
5 8 50
0 2 70
1 4 53
11 16 55
5 9 18
0 3 15
23 1 24
5 8 43
9 12 69
3 6 65
10 14 56
20 23 64
13 16 20
6 11 26
1 4 7
1 4 27
7 10 60
14 17 52
15 19 25
6 10 20
4 6 13
22 1 54
23 3 9
21 23 73
20 23 40
3 5 18
18 21 7
10 14 40
19 21 15
14 18 40
6 9 34
22 0 63
10 13 55
1 4 70
14 17 71
15 19 58
12 15 66
3 8 9
13 14 51
16 20 21
20 23 41
0 3 40
6 8 48
0 3 36
17 19 61
6 9 32
6 9 70
6 10 26
6 10 61
3 6 52
13 17 12
20 23 38
15 19 25
22 0 46
20 1 74
15 17 70
17 21 69
6 8 49
10 13 53
23 2 64
1 5 71
3 6 27
18 20 11
3 8 71
4 7 51
6 7 58
22 0 74
10 12 49
20 0 26
6 9 4
3 6 62
9 13 29
9 11 46
16 20 74
19 22 27
0 3 39
12 14 14
8 12 24
4 8 18
3 5 66
8 10 54
11 15 1
22 1 64
15 17 38
16 19 67
19 22 39
13 15 62
18 20 5
5 9 14
9 13 17
10 13 66
1 4 25
10 13 71
1 3 3
11 14 18
8 11 32
5 8 70
23 3 27
4 7 37
15 18 39
0 2 30
12 15 34
17 21 42
16 21 14
21 1 10
16 19 68
22 0 1
9 12 63
19 1 60
8 10 55
2 5 48
4 10 33
0 2 33
7 10 61
21 0 1
8 12 12
18 22 14
1 5 26
19 21 7
3 5 39
18 23 41
1 4 59
19 22 31
10 12 45
0 3 50
9 14 28
20 23 21
22 2 2
7 12 56
18 23 1
4 8 62
0 4 40
16 18 43
17 20 59
11 16 41
10 14 12
8 10 63
1 3 58
5 9 16
22 1 59
23 1 58
20 0 63
4 7 61
2 5 29
16 17 40
12 16 13
18 22 13
0 3 67
4 7 47
2 6 7
6 10 67
18 21 29
7 10 56
11 14 6
8 11 58
2 5 3
4 7 73
17 21 31
18 21 25
20 0 25
5 8 60
0 2 58
19 23 60
8 12 56
3 9 42
5 6 53
0 5 35
0 2 34
2 4 28
9 11 54
8 11 47
19 22 72
3 4 31
23 3 58
15 17 15
3 5 23
11 13 16
3 6 65
6 10 39
2 6 38
7 10 25
23 2 7
5 8 68
23 2 38
10 13 68
8 11 54
17 21 5
8 9 11
9 13 28
13 16 20
0 4 33
20 21 21
22 0 40
21 23 58
12 16 3
8 12 32
3 6 31
16 19 22
20 23 58
17 20 15
21 23 66
9 13 67
0 4 11
17 21 4
14 17 21
16 19 39
21 0 19
21 2 38
13 16 66
23 1 32
12 16 37
23 2 33
9 12 58
1 5 41
16 21 63
10 14 6
17 19 38
9 11 60
8 12 18
5 7 63
9 14 10
18 19 32
5 7 49
19 22 61
8 9 71
10 13 23
13 16 74
8 9 12
17 20 27
20 21 21
1 4 38
20 0 3
7 11 5
17 21 22
6 10 9
11 14 49
0 5 64
13 16 72
23 0 75
8 9 75
4 8 42
4 6 67
4 8 2
11 15 46
21 1 69
19 21 8
8 11 39
14 17 29
13 15 51
0 3 31
16 18 68
22 1 67
19 21 31
21 0 64
9 12 57
9 11 73
21 0 70
20 0 75
16 18 72
12 14 25
3 6 66
7 10 67
2 6 16
5 8 31
15 20 45
22 0 9
19 22 32
12 15 45
13 16 50
21 0 15
23 3 68
3 8 23
9 13 14
0 3 29
2 5 64
19 22 25
4 8 25
18 21 45
3 6 70
11 14 1
2 5 65
1 4 6
9 11 42
20 22 17
6 9 36
1 4 14
6 9 36
19 21 72
12 16 57
14 17 66
8 12 26
3 6 51
19 23 68
2 4 6
20 21 7
23 4 68
12 15 21
22 1 10
20 0 53
3 7 19
10 13 26
1 5 51
10 13 62
2 5 57
12 16 50
21 1 25
20 23 55
2 7 3
2 5 9
2 5 68
14 16 53
1 4 46
6 8 29
13 17 20
11 14 10
0 2 13
6 9 33
20 1 6
3 7 27
3 6 1
4 7 1
12 17 67
17 18 46
0 3 45
6 9 28
11 13 39
22 1 59
7 11 14
22 0 31
4 8 17
3 5 22
14 16 62
22 1 13
12 15 24
5 7 16
5 8 36
21 0 36
14 17 2
21 23 52
20 22 43
23 2 46
1 3 52
22 2 73
23 2 22
10 13 15
13 15 52
3 8 34
12 16 10
8 10 73
10 13 34
7 11 19
16 19 40
12 14 63
0 2 7
15 19 60
17 17 1
17 19 8
7 11 67
18 21 52
16 18 1
7 10 52
8 11 23
18 22 46
10 13 28
9 10 74
8 11 15
15 16 48
23 1 5
22 0 14
20 22 24
21 0 57
16 20 62
12 14 62
22 1 3
3 7 27
8 11 74
9 14 17
23 2 46
0 3 35
13 14 53
14 16 71
18 21 56
7 12 34
20 21 18
14 16 3
4 6 63
9 12 5
4 7 25
22 2 31
3 5 48
13 17 42
17 20 55
13 15 27
0 3 38
0 5 61
8 9 11
17 19 15
6 9 2
6 11 26
12 15 31
22 0 4
19 20 10
10 14 66
6 8 30
18 20 66
1 5 47
18 21 46
6 9 6
6 9 8
19 21 34
12 14 22
13 14 50
10 12 28
19 20 54
22 2 74
0 4 66
17 21 46
10 11 64
15 17 67
0 4 60
9 12 27
17 19 55
4 7 70
15 19 54
9 12 47
10 12 48
5 8 38
17 20 62
19 23 58
22 1 52
9 12 37
14 18 67
14 16 62
5 7 64
9 12 56
4 8 35
1 3 22
2 4 16
23 1 73
15 20 15
5 10 44
19 22 60
21 23 58
2 5 70
16 21 33
11 14 43
3 6 64
9 12 71
19 21 1
5 8 9
11 14 17
16 19 6
16 20 22
13 16 13
11 14 59
1 4 46
4 8 31
18 19 4
0 3 51
19 22 18
7 12 34
1 3 31
11 14 15
9 12 31
9 11 38
0 2 46
13 16 61
19 21 41
7 12 55
11 15 69
22 0 43
20 0 49
8 10 50
17 20 9
16 19 51
18 22 15
23 2 42
2 5 34
10 14 55
0 3 72
4 7 29
16 21 50
17 21 41
22 0 19
18 21 75
1 4 10
16 19 36
23 4 16
1 5 39
6 10 19
16 19 41
8 10 44
2 5 20
2 5 9
8 12 42
21 23 56
16 18 72
17 18 15
3 5 29
21 22 36
10 15 23
0 5 30
11 16 44
18 21 30
13 13 64
20 22 34
3 6 60
7 10 19
20 0 42
0 3 1
20 23 32
3 5 65
7 10 40
1 6 39
20 22 59
16 18 15
4 7 50
21 22 41
6 11 51
7 11 54
4 7 71
10 13 36
5 8 29
13 17 12
1 5 33
11 15 6
18 22 52
5 9 6
11 13 4
20 0 23
5 8 68
16 18 21
20 22 39
2 5 69
8 10 33
17 18 65
3 4 60
14 16 23
4 8 47
21 1 38
4 8 30
23 4 5
7 8 36
21 1 69
0 3 14
4 6 50
7 11 32
9 12 57
8 11 61
22 2 26
12 13 9
20 0 3
7 10 58
1 5 26
12 14 44
10 15 50
15 16 12
16 19 15
17 20 29
2 5 26
12 15 65
1 4 38
20 23 13
17 20 21
22 2 1
21 1 65
0 2 61
22 2 51
16 18 13
1 5 65
6 10 47
13 17 7
10 13 28
21 0 61
3 6 1
0 3 14
15 18 59
7 9 60
7 10 42
16 17 19
9 13 8
19 23 23
19 22 71
2 5 27
16 19 6
10 12 9
20 22 56
19 20 48
2 5 58
1 4 30
7 11 21
2 5 22
12 15 25
19 23 22
22 1 54
11 15 72
13 17 18
1 3 33
0 1 4
23 2 74
20 22 16
1 3 50
7 11 2
13 16 4
2 4 63
23 2 22
12 14 36
21 23 30
18 21 25
7 10 51
21 1 39
21 22 9
3 5 14
22 2 21
10 14 12
11 15 50
19 21 24
2 5 68
9 11 8
22 0 27
0 1 22
0 2 27
12 15 26
17 20 63
19 21 47
23 1 61
4 7 21
16 21 29
7 7 26
16 18 53
13 18 27
19 23 66
20 23 66
18 21 30
10 13 47
9 10 13
10 13 30
22 0 37
5 8 42
13 15 60
12 16 51
4 9 25
12 13 1
17 19 32
20 23 33
16 19 57
23 1 48
13 17 27
19 22 58
10 12 3
4 5 25
2 4 33
13 16 63
18 21 66
19 22 14
19 22 50
7 8 20
8 11 72
18 21 3
21 23 13
22 1 71
23 4 33
11 13 47
13 15 9
2 5 6
16 20 33
22 0 33
18 23 4
1 6 29
13 17 73
6 8 66
1 3 49
3 7 34
15 20 28
20 23 29
10 16 34
4 8 57
11 15 41
12 16 4
21 22 3
17 20 71
9 13 63
10 12 45
13 15 27
16 19 22
14 16 31
22 2 30
16 18 7
22 1 49
19 21 21
5 7 56
12 15 15
22 2 11
11 13 9
13 16 72
22 0 66
0 4 35
14 18 68
8 9 4
13 15 24
14 18 70
11 15 31
20 23 30
7 12 16
0 5 67
14 16 40
9 12 65
11 12 11
18 20 17
12 16 75
8 11 31
17 19 71
3 6 39
6 9 50
9 13 48
6 9 22
6 8 12
7 10 75
15 17 63
1 3 29
7 10 29
3 5 20
11 14 16
2 4 23
2 3 5
19 23 71
8 11 2
8 11 49
11 13 48
21 2 50
20 22 42
6 8 4
19 0 38
7 10 24
14 18 12
19 22 60
18 21 27
13 14 27
4 6 8
4 7 66
22 0 40
23 2 67
4 6 37
10 14 64
10 12 39
6 8 18
9 11 15
4 7 5
5 9 43
1 6 16
9 12 8
0 4 70
18 20 13
14 16 14
5 6 63
3 6 8
16 19 63
15 18 66
18 20 44
2 5 61
1 4 63
1 5 61
9 11 59
12 17 5
14 15 69
2 4 5
23 2 28
16 18 73
22 1 68
5 8 43
23 3 70
9 12 25
11 15 52
7 11 33
2 4 60
10 14 43
9 12 52
4 7 75
6 9 71
13 19 50
15 19 63
21 1 27
17 21 30
13 16 45
7 11 71
15 18 18
0 2 15
2 4 17
10 13 15
1 4 12
9 12 29
1 4 68
9 12 29
1 4 58
20 22 52
17 20 31
17 19 74
18 21 23
10 14 4
23 1 49
3 6 31
0 3 3
0 3 1
7 11 16
5 8 66
4 7 50
20 23 67
16 18 36
10 12 31
20 22 70
23 2 67
4 8 65
13 17 75
23 2 23
4 8 37
14 15 74
13 18 21
13 17 40
10 13 51
4 9 32
1 5 38
20 22 6
15 18 45
15 18 70
9 12 27
11 15 61
20 23 46
17 20 12
4 7 44
17 21 70
1 4 63
17 21 73
19 23 1
14 19 52
10 12 18
7 11 41
16 20 45
21 23 32
12 15 14
11 14 12
11 14 48
22 2 47
15 19 46
21 0 66
20 22 33
4 6 23
3 5 23
23 3 61
4 6 23
11 13 34
15 17 42
22 1 73
2 7 73
1 3 41
20 23 10
11 15 55
17 21 7
19 23 36
5 8 74
22 3 51
15 19 39
15 19 19
9 11 8
16 19 1
15 19 48
20 23 3
18 20 26
19 21 63
3 6 62
11 14 61
14 17 19
15 17 61
14 18 32
2 4 14
14 17 36
11 16 72
4 7 7
12 16 24
5 7 8
0 4 56
7 9 53
15 18 16
10 12 55
2 5 70
1 4 69
10 12 63
15 19 4
12 15 61
16 19 23
4 6 17
17 19 43
15 18 57
15 17 51
5 9 42
11 13 2
1 4 46
16 18 30
17 16 61
21 1 63
22 1 26
20 23 62
22 2 5
12 16 37
21 1 34
14 17 21
4 6 3
5 8 65
23 4 58
21 0 65
0 2 65
14 16 22
12 16 49
3 6 10
3 7 68
19 22 68
9 13 3
11 13 49
2 5 2
14 18 65
14 17 67
18 22 72
20 23 13
20 23 61
0 5 1
2 3 8
14 17 61
12 16 54
12 13 10
16 19 52
1 5 63
3 7 21
8 13 13
11 15 64
17 20 28
12 14 42
13 17 69
15 18 47
5 7 49
6 10 70
7 11 67
13 17 42
16 21 26
7 10 4
18 21 72
10 14 36
5 8 4
0 1 56
15 18 53
11 15 66
21 0 36
9 11 41
15 17 66
14 17 42
11 15 14
7 9 50
16 20 53
0 2 43
3 7 22
3 4 54
21 0 39
22 1 7
19 23 71
5 8 27
15 17 33
14 16 60
19 22 46
2 5 3
21 0 4
1 3 54
20 22 69
12 17 6
17 20 42
5 7 66
5 8 39
13 14 29
23 2 57
10 12 31
9 13 21
1 4 26
7 8 47
4 7 16
4 7 59
12 17 55
16 19 44
3 3 43
17 21 4
20 23 23
12 15 25
1 3 29
17 19 6
11 15 58
10 13 23
12 16 41
14 18 67
10 13 29
16 19 36
3 4 46
10 15 35
4 7 42
20 21 48
11 15 16
2 4 34
20 20 15
17 17 38
20 1 13
19 22 35
11 17 39
18 21 36
6 9 23
3 8 1
12 15 41
6 9 18
22 2 11
22 1 60
4 8 24
7 11 39
1 5 16
14 16 25
7 8 4
7 10 6
0 1 14
20 23 56
9 12 64
4 5 66
2 5 59
11 13 9
3 5 8
5 7 73
0 3 23
9 11 54
16 18 55
5 9 47
20 0 71
10 13 49
12 15 21
0 3 44
21 22 34
2 4 36
16 19 46
13 16 32
23 3 7
12 15 62
9 13 69
10 14 41
20 22 3
11 12 20
0 3 62
18 21 54
13 13 21
7 9 23
16 20 27
8 12 68
0 0 48
1 4 8
4 7 29
3 6 69
12 16 31
15 16 6
12 15 17
6 7 6
16 19 4
0 2 11
21 2 49
19 22 60
4 6 6
16 20 17
6 9 75
19 22 22
18 22 69
21 22 3
14 18 63
0 2 38
6 8 19
12 16 61
14 16 70
15 18 34
17 19 7
14 18 27
6 9 75
13 14 26
3 6 5
22 0 12
8 11 17
2 5 49
21 23 48
12 15 56
6 9 13
21 1 43
14 17 52
7 10 33
0 5 20
20 1 14
9 12 44
9 13 25
6 8 24
12 15 27
9 12 73
8 11 18
22 1 41
9 11 54
11 15 56
17 19 6
5 8 64
22 1 54
6 9 38
2 6 44
19 22 74
14 17 27
15 16 67
20 23 26
0 5 72
11 16 39
20 0 27
9 12 72
14 18 39
5 9 57
18 19 73
13 16 41
12 16 66
21 0 18
9 12 3
23 2 34
10 13 57
1 4 69
11 15 33
22 1 38
23 3 31
13 15 46
12 15 24
19 22 67
21 22 6
6 10 49
10 13 64
16 19 37
0 4 21
2 5 2
14 17 70
14 16 61
22 1 51
13 17 69
17 20 45
15 19 4
1 5 32
20 1 70
10 12 56
6 9 15
10 12 30
20 22 51
4 9 44
20 22 26
4 6 2
21 0 49
23 3 43
8 10 56
23 2 17
10 14 35
3 7 49
2 6 61
6 8 59
22 1 28
21 0 23
18 21 56
13 15 17
15 17 54
11 13 46
15 16 32
3 6 48
6 9 8
0 2 38
16 19 34
10 12 13
13 18 53
20 0 2
7 11 3
11 15 73
12 13 15
13 16 31
9 11 49
18 22 54
6 10 42
16 19 62
13 14 36
18 20 53
17 19 9
10 12 45
17 20 35
1 4 4
19 0 36
5 10 20
19 22 34
9 12 57
14 16 18
19 21 16
11 12 31
18 21 34
11 13 63
17 18 49
18 21 32
12 15 18
1 6 3
14 17 55
12 16 24
13 15 22
4 7 53
5 9 11
3 6 8
19 23 41
23 1 25
12 13 56
16 19 10
12 16 28
19 23 63
14 16 50
9 11 64
15 18 17
21 0 48
23 0 70
22 0 8
7 9 47
22 1 51
13 16 41
22 23 61
6 8 69
12 17 18
11 15 41
5 8 19
16 19 8
8 11 48
3 5 11
2 5 31
3 4 61
23 2 53
14 16 20
8 10 61
21 1 4
23 3 24
10 14 71
16 18 31
9 12 22
11 14 3
16 16 54
3 6 54
2 5 39
5 9 45
22 4 57
17 21 19
8 11 14
1 3 9
2 5 71
4 8 68
3 6 53
9 12 34
21 0 52
21 0 36
1 4 65
20 22 30
15 18 12
15 18 69
2 2 2
18 22 44
13 13 20
4 6 40
15 18 71
20 22 49
7 11 74
1 5 46
16 21 67
22 1 53
12 14 72
22 0 57
11 16 73
4 6 55
20 0 53
13 15 2
16 20 71
0 2 49
3 6 15
11 14 22
5 9 71
4 8 16
19 22 3
4 8 37
11 15 39
3 5 44
13 15 75
13 16 46
7 10 21
1 3 59
6 10 23
9 12 41
11 15 20
22 0 53
1 5 40
7 10 19
4 7 58
16 20 3
17 21 48
6 8 69
19 22 26
11 15 45
3 5 18
13 17 25
12 14 73
3 7 4
9 10 49
15 18 44
2 5 63
19 22 43
6 9 2
9 12 48
8 11 74
0 2 21
18 23 41
1 5 2
10 13 72
22 1 15
14 18 52
13 18 64
21 23 41
13 15 25
12 16 17
1 5 9
13 16 24
11 16 40
13 17 65
17 19 70
2 5 58
15 18 31
3 6 45
9 10 30
4 7 49
20 0 14
23 1 67
9 14 2
6 11 65
21 1 34
0 2 55
0 3 17
13 15 5
19 22 59
13 16 60
9 12 21
8 11 13
1 4 55
23 0 4
3 5 58
11 13 22
9 13 40
21 0 20
22 0 56
9 12 49
2 5 48
12 13 18
0 2 68
22 1 62
3 5 66
5 8 4
13 17 48
0 3 41
11 15 18
22 2 45
7 9 1
12 16 6
2 6 75
13 16 28
5 8 10
2 5 13
6 9 31
12 16 28
0 3 67
15 18 54
1 4 39
18 22 63
18 21 41
4 8 42
17 20 13
0 2 9
17 19 29
16 20 23
4 8 71
21 23 48
21 23 21
6 9 69
19 20 36
4 7 24
18 22 24
10 13 10
21 23 41
16 19 72
11 14 58
1 4 75
19 20 28
17 20 60
13 16 58
15 16 54
18 22 23
23 3 56
1 5 75
14 17 50
5 9 48
10 12 62
20 0 38
0 4 38
3 5 34
14 16 40
3 5 66
1 4 10
19 23 41
15 19 61
4 7 68
21 0 14
2 5 26
11 13 67
4 5 8
17 18 38
10 14 25
5 6 74
1 4 42
15 19 64
20 23 49
16 18 16
10 14 14
19 21 36
3 5 9
9 13 14
15 19 14
2 6 25
20 23 64
13 15 24
17 20 65
10 13 13
18 20 25
9 12 41
6 8 10
1 2 37
6 8 9
5 8 9
21 23 45
7 10 39
14 17 13
4 8 74
1 4 52
19 21 64
14 18 69
7 10 18
18 21 42
9 12 24
16 19 16
13 17 1
11 15 47
17 21 56
14 17 58
0 4 69
0 2 6
15 19 1
1 4 19
8 11 39
3 6 21
23 1 49
0 2 46
3 4 73
0 4 6
21 23 67
21 22 64
4 9 33
0 1 60
14 16 58
8 11 11
21 23 56
17 19 13
12 14 37
13 17 31
15 19 48
23 1 20
16 19 66
8 10 17
20 23 5
9 12 73
6 10 70
5 8 37
2 4 21
2 5 68
21 0 21
12 15 60
13 16 37
20 22 10
5 8 37
10 12 71
2 5 51
19 0 47
10 14 49
19 21 50
2 5 72
3 9 27
13 17 27
20 23 48
3 6 17
18 22 56
19 22 9
11 13 72
0 5 41
12 14 26
23 1 41
22 1 23
19 22 31
5 9 16
10 13 50
8 11 58
3 6 41
2 4 34
20 23 48
4 9 57
1 4 71
13 15 53
22 23 22
15 18 18
4 8 34
10 12 44
17 21 13
13 16 66
15 17 59
21 23 16
4 6 26
17 21 13
18 21 67
11 14 39
21 0 46
2 3 19
2 6 20
0 3 75
1 4 19
7 8 44
12 14 36
23 1 44
21 1 48
2 5 7
18 20 2
21 2 62
0 2 73
23 3 21
10 12 20
5 9 26
21 1 10
1 4 15
14 17 50
12 14 65
6 8 32
5 8 72
8 9 9
17 18 24
17 19 5
23 3 64
10 14 66
5 7 12
21 0 44
20 0 4
16 18 39
18 22 73
8 13 26
0 4 71
2 4 70
16 19 36
12 14 58
4 7 6
2 4 44
11 15 12
18 21 38
3 6 15
2 5 47
10 11 34
14 16 75
2 6 34
23 3 1
19 23 4
7 11 33
5 7 67
0 4 32
18 0 51
1 5 6
20 23 8
3 6 24
5 6 50
20 23 26
5 9 8
10 14 49
20 23 38
5 9 39
6 10 59
2 4 52
16 20 61
5 9 35
13 16 64
17 19 67
21 23 49
1 3 34
19 23 7
18 20 11
9 12 65
2 4 14
9 12 47
22 2 9
17 20 55
18 21 65
21 23 62
11 13 43
19 23 73
20 23 27
6 8 4
7 13 31
20 23 73
18 22 70
4 7 32
3 4 38
9 12 31
16 19 33
7 10 25
8 11 67
14 16 22
12 14 51
7 8 57
8 11 18
0 2 60
20 23 45
14 16 50
20 1 61
17 19 47
10 12 37
2 4 43
0 7 74
8 13 38
7 10 1
12 16 29
23 0 42
23 3 32
1 4 56
8 12 32
22 0 42
9 11 31
7 10 54
2 6 4
0 3 74
13 17 15
16 19 72
6 8 4
0 3 41
17 21 58
23 2 60
3 6 35
2 5 5
5 8 36
15 19 58
19 22 11
9 12 29
2 4 6
8 10 46
7 9 29
21 0 17
19 21 16
19 23 61
21 2 46
18 21 6
15 18 18
17 19 67
21 0 40
3 6 52
9 14 10
21 0 11
6 9 18
16 19 41
11 15 61
6 8 29
11 14 70
23 1 4
12 14 22
2 5 17
3 8 63
12 13 42
17 20 61
9 12 64
17 20 70
20 22 71
20 0 24
19 21 53
10 11 18
18 21 26
13 17 3
19 20 50
21 1 51
10 14 33
15 20 40
12 15 63
11 14 68
17 19 21
5 7 9
20 23 13
17 20 64
22 23 31
10 14 42
0 3 19
18 23 14
1 5 8
0 2 28
6 10 61
23 2 53
1 4 20
14 17 7
19 22 27
8 11 57
23 1 51
2 5 43
7 9 12
0 1 15
4 8 54
0 2 51
2 6 8
0 2 74
2 6 37
9 12 69
6 9 57
5 8 2
1 4 55
0 2 23
12 15 58
19 21 38
20 0 39
13 15 39
6 9 65
23 2 8
15 18 7
15 20 15
13 16 25
9 12 43
10 13 15
4 7 36
17 21 69
19 23 43
5 8 16
19 22 28
8 10 54
3 6 30
7 9 62
23 2 32
11 15 35
5 8 2
5 8 68
5 10 23
15 18 25
13 16 31
19 21 12
0 2 29
2 7 12
15 18 14
10 15 15
2 6 28
17 20 55
21 1 75
6 8 6
20 0 36
10 11 35
4 8 15
20 0 71
1 3 22
17 19 58
0 3 27
6 10 12
23 1 35
10 12 41
12 16 61
10 14 21
14 19 67
16 21 25
20 0 55
14 18 23
4 7 23
16 19 45
20 23 70
20 22 63
18 21 38
23 2 58
14 19 32
6 9 24
18 20 24
5 6 3
22 1 10
12 16 41
1 5 28
20 23 58
19 22 58
8 11 54
13 16 45
18 19 71
17 20 32
23 3 75
13 16 49
18 20 22
10 13 39
1 3 31
5 8 49
19 21 22
23 2 12
15 18 16
13 15 44
18 21 65
13 16 62
12 15 37
5 8 11
8 11 48
0 3 49
23 3 75
9 12 55
10 14 12
13 16 18
7 9 54
23 1 42
23 2 21
4 7 4
2 6 33
14 15 51
6 10 56
11 15 72
16 19 4
7 10 60
0 2 67
6 9 56
0 4 74
23 2 22
10 12 67
12 15 13
13 17 9
8 12 34
3 7 37
10 14 73
15 17 55
15 18 63
7 10 3
22 2 64
2 7 43
2 6 49
14 17 65
0 4 52
0 3 26
17 19 10
17 20 73
2 5 16
1 4 51
22 1 13
2 5 1
18 21 45
7 11 45
8 10 67
20 0 32
6 8 40
0 3 39
2 6 42
16 20 74
12 15 46
14 17 33
18 21 55
19 22 60
22 2 29
14 17 3
11 14 72
17 20 51
21 23 52
10 12 19
15 19 57
5 8 55
4 9 3
2 6 44
9 12 11
21 23 14
6 7 58
8 12 53
4 8 19
5 8 57
23 1 67
10 13 61
18 21 15
17 20 63
2 3 28
20 23 44
15 19 34
16 20 71
18 21 42
11 14 16
9 10 36
15 17 10
16 21 57
17 20 60
18 21 19
10 13 56
20 23 59
21 2 28
21 0 36
4 9 20
18 21 60
11 15 2
14 18 48
16 18 3
20 22 56
5 8 71
0 1 35
20 0 63
5 8 26
20 21 58
22 0 21
3 7 31
10 12 28
14 16 44
1 4 20
4 7 66
9 13 51
17 21 73
5 9 56
5 8 46
8 10 55
4 5 75
0 3 35
3 7 1
17 21 75
21 1 31
23 1 45
17 21 73
7 10 16
8 10 8
3 6 37
19 22 54
21 23 1
18 22 25
12 14 22
17 21 68
7 10 9
19 23 46
4 5 2
1 6 50
0 3 57
10 14 19
3 7 9
7 10 17
12 16 75
15 18 39
16 19 20
22 1 17
3 6 13
6 10 27
15 17 62
19 21 48
12 15 21
21 1 57
0 2 63
22 1 6
10 13 57
2 6 43
15 20 20
11 14 13
11 14 25
5 8 44
8 13 19
1 3 6
12 15 8
15 17 33
12 13 12
9 11 50
3 6 22
23 1 58
12 16 48
5 7 5
12 15 2
22 3 19
16 19 28
15 18 63
7 11 39
3 5 71
19 23 51
3 5 25
2 7 35
22 1 38
13 17 29
17 21 5
8 11 18
11 13 54
4 8 73
12 14 56
16 18 38
16 20 50
15 19 43
0 2 58
3 7 65
15 18 74
9 12 30
1 4 70
15 17 38
7 9 69
1 2 44
15 17 46
0 1 10
13 16 3
1 4 28
14 15 20
20 23 14
17 22 3
7 8 25
6 8 16
18 21 56
1 2 5
10 13 52
23 1 52
13 15 47
12 16 50
17 20 58
12 14 16
15 20 62
9 12 24
3 6 16
13 13 34
10 13 35
17 21 46
19 23 39
15 18 58
12 16 13
5 8 28
21 1 69
18 21 53
5 9 47
2 7 51
22 0 33
21 23 25
23 1 12
9 12 58
22 2 53
4 7 50
12 14 53
7 10 1
13 16 56
15 18 67
2 4 40
0 1 14
8 10 8
12 14 62
4 9 75
4 5 63
14 17 8
5 8 19
17 20 44
19 23 3
3 6 50
19 22 64
21 23 65
23 4 58
1 3 5
16 18 2
18 19 15
2 5 23
15 18 9
10 14 59
0 3 72
17 20 15
13 16 44
8 12 26
4 7 36
3 6 71
7 10 19
19 22 21
9 13 64
9 13 4
20 0 59
16 20 11
12 15 49
19 22 6
23 0 44
3 6 27
4 6 57
2 4 66
22 1 50
2 6 37
20 23 15
10 13 40
9 11 68
15 18 58
0 3 46
20 23 29
8 11 28
21 0 72
10 13 47
9 11 57
4 7 50
4 8 63
20 23 7
10 13 30
8 11 40
12 16 35
16 20 38
16 18 18
19 21 47
19 21 61
6 9 1
15 18 27
18 20 31
20 23 36
20 23 58
13 18 67
14 19 1
23 2 71
23 0 10
1 6 56
8 13 39
16 19 61
7 10 55
21 23 35
21 0 54
20 23 4
5 5 75
10 12 15
19 21 40
10 12 62
18 21 18
16 19 51
21 23 4
10 11 60
8 10 22
4 7 57
0 4 50
22 23 49
7 10 4
6 8 72
4 6 72
13 16 64
7 9 53
23 1 68
18 21 27
3 6 61
1 4 4
18 22 44
4 8 2
4 8 58
2 3 47
16 18 49
21 1 27
6 9 21
10 13 42
20 23 66
7 11 63
17 19 28
11 14 57
13 15 5
9 10 4
19 21 37
0 3 21
15 20 7
16 19 37
4 7 71
6 10 31
1 4 75
1 4 39
8 10 1
14 18 57
11 13 52
7 12 13
8 10 6
1 4 63
0 3 49
6 9 3
5 7 24
7 10 66
2 3 74
5 9 57
3 6 22
4 8 42
19 21 41
18 21 28
2 5 33
17 21 70
11 14 31
2 4 42
10 13 18
8 11 51
17 23 55
18 21 58
20 23 6
7 10 49
14 16 39
2 5 50
6 9 8
9 13 65
7 10 68
20 22 20
22 1 12
12 15 3
23 2 23
9 11 74
15 18 11
13 16 8
5 8 35
0 3 70
22 1 10
0 6 35
1 4 26
20 1 68
13 15 62
8 10 74
16 20 39
15 17 48
4 5 68
16 19 19
13 17 31
16 20 75
21 1 70
18 20 32
20 23 61
11 13 57
0 2 68
10 13 30
2 5 15
17 20 3
4 8 74
8 10 10
22 1 13
1 3 12
18 22 12
23 0 54
23 3 64
1 4 25
15 17 54
17 19 48
22 0 75
17 22 15
23 2 35
4 7 75
23 1 26
7 9 50
1 4 52
6 9 47
3 7 6
12 14 17
12 14 42
1 5 14
13 16 5
23 3 9
21 1 65
7 11 20
22 0 8
21 0 23
20 23 16
6 9 21
13 16 70
17 20 1
19 21 28
4 7 53
8 10 21
16 20 47
10 14 56
16 19 2
19 23 61
4 7 56
20 0 43
19 23 69
18 20 17
4 7 66
7 12 34
21 22 25
18 23 53
21 1 24
21 1 14
21 22 2
21 1 1
8 10 39
11 13 72
11 13 19
19 0 12
14 17 62
17 21 18
4 8 45
15 18 7
17 21 41
6 10 23
1 3 65
11 15 21
4 6 58
1 5 1
17 21 42
11 14 58
14 17 48
18 22 23
22 1 34
20 1 16
20 22 16
22 1 53
17 21 46
6 7 48
19 20 43
21 1 6
5 8 2
7 12 44
9 12 33
19 21 19
21 0 65
5 8 55
9 11 75
22 0 25
9 12 40
20 0 19
12 14 70
1 4 36
9 12 72
9 13 12
12 15 49
15 18 65
0 3 32
1 4 32
23 1 11
11 15 60
21 0 63
23 2 6
18 20 18
15 17 16
1 3 9
19 22 63
16 19 68
23 1 41
0 2 66
16 20 64
11 15 9
22 23 6
2 4 33
8 10 39
12 14 14
22 2 4
11 14 60
12 15 10
12 15 22
22 3 33
4 6 29
19 22 39
22 1 65
12 15 66
9 13 53
18 20 15
19 21 34
5 7 46
22 2 75
13 15 42
23 3 55
22 1 50
16 19 27
16 19 42
7 10 61
20 22 39
12 15 67
15 18 5
10 13 17
14 16 36
19 0 74
19 21 4
2 5 20
10 12 27
10 15 4
15 18 24
20 23 50
15 19 68
5 7 54
21 1 64
18 20 68
8 12 36
22 2 58
4 8 5
20 23 56
5 9 57
4 8 40
8 11 43
6 11 36
5 7 4
21 23 1
22 23 39
21 22 69
10 13 4
21 1 37
22 0 61
0 4 17
12 16 62
14 17 3
9 11 2
20 22 59
16 20 19
2 5 12
3 5 65
1 5 14
13 15 37
8 12 30
14 15 52
8 11 62
10 12 19
11 14 64
23 1 74
15 20 22
22 2 69
23 2 31
12 14 75
7 11 69
12 15 15
22 23 23
23 3 63
14 19 65
3 5 52
16 21 42
21 0 32
21 0 25
6 10 34
5 7 18
9 11 21
17 19 25
3 7 5
3 5 44
4 5 60
16 18 38
13 14 23
22 0 53
5 7 37
8 13 21
8 12 34
23 4 26
11 13 11
23 1 66
7 9 25
10 11 7
21 0 55
16 17 28
5 7 23
15 19 51
18 21 40
12 16 2
2 3 58
10 14 43
23 3 42
18 22 34
12 17 19
4 6 5
6 9 23
5 7 42
0 5 52
20 0 21
12 14 8
7 11 8
7 9 48
13 16 40
19 23 74
10 13 60
16 20 2
17 20 55
20 23 35
21 0 71
7 10 73
13 14 58
12 14 73
1 5 49
8 9 6
9 11 9
1 3 37
14 16 23
7 11 66
22 0 14
22 2 2
15 19 12
1 3 30
5 9 48
9 11 31
0 2 18
4 7 46
9 12 67
4 8 18
20 22 32
19 21 20
20 23 48
2 6 23
16 18 13
21 1 14
7 11 48
16 18 23
22 0 56
18 20 64
23 2 66
7 8 61
21 0 15
10 12 23
15 17 55
11 14 71
22 0 5
13 15 67
15 19 19
13 16 1
14 17 27
22 1 72
0 4 52
20 23 35
5 10 23
23 2 14
16 18 61
17 19 32
4 7 23
14 17 7
11 13 75
5 6 69
20 22 15
10 13 19
19 23 49
3 6 53
10 14 32
4 7 45
1 5 62
7 11 10
8 13 21
16 17 48
23 3 11
22 1 64
23 3 18
11 13 42
23 2 40
23 2 54
1 3 57
8 12 3
14 16 3
2 5 22
2 3 41
20 21 41
16 17 34
20 1 61
8 12 42
17 19 62
20 23 38
4 7 45
19 23 11
7 10 14
19 21 41
20 0 34
17 20 13
15 20 40
14 18 54
21 0 50
4 8 36
21 0 15
10 14 71
17 19 72
11 14 26
2 7 57
7 9 12
9 12 49
3 5 6
8 13 71
23 3 26
20 23 59
13 15 26
1 5 51
22 2 73
5 8 27
10 11 37
8 11 11
17 20 6
11 13 18
8 11 22
18 21 41
13 17 62
7 11 40
18 22 75
23 2 28
1 4 4
11 14 56
5 9 5
18 20 11
1 4 4
7 9 63
19 23 41
21 0 75
6 10 3
3 7 55
15 19 25
0 4 26
14 18 30
6 9 38
18 21 16
10 12 19
13 17 41
1 5 67
1 4 49
9 11 39
14 16 62
1 6 8
19 22 30
5 7 45
19 22 5
10 13 40
11 13 39
8 10 64
5 8 51
1 4 34
8 13 4
21 0 46
4 7 73
7 11 29
14 16 3
12 15 34
12 16 18
20 22 52
23 2 53
1 4 6
11 13 49
2 7 25
5 8 54
3 7 19
20 0 10
14 18 57
9 12 34
18 20 14
5 9 35
2 5 17
10 12 27
18 21 14
21 0 63
21 22 6
20 23 20
21 23 72
1 4 31
22 0 32
13 17 35
0 3 3
12 16 72
10 12 31
12 16 20
2 4 28
21 0 27
23 3 44
9 12 27
22 2 49
7 10 7
14 17 40
16 19 21
9 12 6
19 22 30
2 6 62
7 11 39
22 2 71
17 20 68
10 14 12
0 2 32
10 15 24
19 23 8
3 8 9
3 6 48
4 7 25
23 2 38
11 14 19
21 23 37
2 4 47
8 11 21
19 23 63
5 8 30
6 10 35
18 21 71
2 6 63
7 9 72
7 11 9
20 23 22
11 14 67
7 9 64
2 4 25
22 1 41
2 5 44
10 13 52
14 17 61
19 22 70
3 5 25
10 12 8
3 6 75
17 19 30
13 15 35
21 23 63
5 8 14
9 12 40
7 11 20
14 17 1
5 9 53
20 23 64
5 8 42
5 10 25
0 2 61
18 20 26
7 11 74
1 5 55
11 14 12
14 15 21
6 9 32
15 17 69
14 18 57
0 1 71
8 10 36
18 21 56
23 3 69
10 14 15
6 10 18
2 5 27
13 15 58
14 16 20
13 15 57
14 18 7
3 6 57
20 20 50
3 5 65
12 15 62
23 3 26
17 21 65
12 16 46
7 11 65
8 10 71
23 3 69
23 0 49
16 19 2
12 15 5
0 3 16
6 7 33
0 3 23
6 10 30
4 7 57
6 8 3
17 19 72
5 9 11
18 21 30
12 15 3
5 9 43
10 12 22
19 22 21
13 15 19
10 12 21
0 2 14
15 18 21
2 6 58
21 22 53
0 2 42
0 2 28
16 17 73
2 5 72
5 8 55
16 19 11
12 14 36
15 19 71
7 9 1
23 5 28
23 3 26
4 7 8
22 0 53
10 12 73
16 19 33
6 9 58
5 8 44
6 10 53
5 7 73
5 8 33
9 13 25
12 16 51
11 15 59
14 17 37
7 10 70
2 3 42
8 12 18
17 21 48
4 6 54
19 23 22
18 20 43
21 0 34
11 14 53
10 12 3
11 14 12
7 10 41
1 5 8
9 11 64
14 18 24
22 0 71
11 13 28
10 12 39
21 1 74
2 4 60
18 21 37
23 3 12
13 16 46
15 18 27
0 4 43
21 23 37
22 2 39
8 12 58
2 3 14
15 19 16
13 16 5
17 19 43
0 2 17
5 7 35
17 19 58
5 10 51
17 18 13
15 19 16
1 5 39
5 8 70
8 12 23
17 19 4
1 4 56
23 2 18
22 2 11
8 10 57
12 15 27
23 1 36
9 13 17
9 12 59
10 12 59
15 20 45
5 8 49
6 9 44
21 0 7
19 23 47
11 14 47
4 7 72
9 12 12
14 17 37
19 22 41
11 13 54
0 4 8
13 15 8
1 4 4
19 23 21
19 19 27
7 9 16
11 16 64
18 19 32
4 8 9
18 22 17
0 4 43
11 14 67
17 20 38
18 20 7
2 6 66
19 22 8
2 5 8
4 6 37
1 4 45
7 11 70
5 7 22
5 9 64
9 13 44
22 3 52
22 3 41
13 18 43
9 13 58
12 15 40
7 11 16
14 17 20
23 2 19
11 13 70
19 22 34
13 13 21
5 8 41
17 18 30
0 3 66
20 23 43
5 10 72
2 6 49
13 17 51
12 14 23
5 7 71
6 10 46
18 21 29
17 17 31
7 10 68
4 7 23
23 2 4
15 16 7
18 20 74
9 12 8
4 8 68
13 17 53
20 1 60
15 18 55
23 3 54
18 21 38
17 22 4
18 20 5
10 14 9
23 3 72
6 9 11
3 7 24
17 19 11
21 23 20
2 2 28
5 9 19
16 18 44
0 4 8
7 9 21
21 2 10
20 1 26
11 13 72
16 21 42
13 17 43
14 15 48
0 2 56
2 4 38
8 11 8
18 19 69
10 14 1
3 5 71
14 17 19
3 6 54
0 4 65
0 1 67
14 17 71
2 6 68
19 0 19
21 23 10
4 7 21
2 7 41
17 21 50
19 23 1
14 18 65
15 20 39
7 11 51
5 7 22
7 9 36
5 8 60
17 20 68
20 23 14
12 15 30
23 2 41
3 5 68
12 16 66
20 21 66
10 10 3
23 0 52
8 10 37
4 8 74
14 18 5
10 13 47
22 2 50
4 7 75
2 4 11
0 4 44
19 21 57
16 19 5
0 2 45
17 19 45
4 5 70
16 20 4
13 16 24
5 7 72
6 9 24
15 20 47
6 8 39
18 22 37
18 20 17
13 16 55
11 15 13
17 21 42
0 3 52
9 11 46
10 12 37
1 4 13
15 18 11
10 14 1
15 18 30
16 19 15
22 2 39
4 7 4
23 2 67
22 2 60
19 21 58
11 13 13
4 7 25
5 8 75
6 7 3
9 12 5
18 21 31
22 2 68
6 10 3
2 5 71
6 8 39
11 16 38
3 5 6
6 10 74
2 5 59
11 11 40
0 4 13
