10000 100
83 60 8 29 7 84 74 87 2 74 90 97 58 71 21 29 89 56 79 35 20 46 81 30 56 61 8 80 51 81 88 47 91 38 24 16 70 84 14 78 70 47 59 45 35 4 70 22 64 11 20 14 34 36 6 8 95 21 48 18 97 67 39 5 78 97 79 92 84 3 47 28 70 4 91 1 68 71 95 87 46 51 57 21 94 7 71 55 57 95 31 77 91 23 57 33 55 70 98 34 
13 18 21
21 0 84
7 10 31
18 21 24
4 8 20
0 4 6
18 22 92
10 13 18
17 20 47
6 7 60
10 14 56
12 13 58
23 2 3
5 6 87
23 1 31
3 5 16
20 23 43
2 4 15
2 5 97
4 7 22
17 19 86
17 20 72
15 17 29
10 12 21
21 0 66
11 15 19
13 15 63
7 10 36
13 15 98
9 12 25
12 16 18
2 5 69
15 19 8
8 12 75
18 21 15
20 22 66
16 21 51
6 9 7
3 7 69
11 12 59
17 19 100
12 14 3
9 11 52
21 1 100
5 8 65
20 22 53
15 18 16
13 16 46
13 14 95
2 4 84
1 4 39
14 18 46
10 13 81
19 23 66
23 2 83
8 10 55
1 4 66
1 5 96
16 20 72
1 2 43
12 17 74
5 9 63
16 21 93
21 1 51
0 4 52
13 15 55
9 11 77
17 20 76
5 8 3
6 9 13
20 23 69
16 20 27
17 20 94
4 8 2
2 3 50
10 11 87
14 18 13
4 7 98
22 1 27
19 22 25
7 10 16
11 13 88
15 16 98
9 12 8
21 0 91
7 10 74
15 16 2
21 1 66
20 23 66
23 2 71
15 19 12
20 0 74
22 2 70
20 0 20
16 19 65
21 2 83
11 14 91
5 9 45
8 11 23
5 8 37
13 16 33
18 23 84
21 0 11
10 12 65
2 4 13
6 9 31
10 13 30
3 6 44
2 7 69
16 19 31
13 16 85
23 1 1
8 13 94
10 11 61
9 11 22
19 23 95
20 22 66
14 17 37
4 6 77
4 7 17
8 11 62
13 15 59
11 15 64
21 1 17
8 10 52
12 16 5
11 14 27
2 5 10
1 4 16
20 0 17
1 4 94
19 22 78
14 18 63
16 18 2
1 4 24
23 2 36
0 3 54
3 5 61
4 8 1
2 6 30
4 9 76
7 9 16
5 7 24
21 1 6
12 16 60
19 22 43
16 19 21
2 4 8
15 17 12
14 18 58
0 6 70
2 6 93
11 13 15
16 20 98
9 13 99
8 10 71
12 16 1
13 16 22
6 9 88
14 18 32
10 11 84
19 22 32
20 23 53
21 1 52
8 11 48
11 14 43
1 3 56
14 16 66
15 18 94
10 13 74
18 22 94
18 21 42
22 0 68
6 9 94
18 21 54
6 10 25
2 5 19
7 9 44
13 16 43
21 1 45
23 1 89
6 8 30
1 5 18
14 18 51
7 10 1
1 5 57
5 8 96
11 13 27
14 17 65
14 18 46
21 0 78
1 4 47
11 15 16
19 21 51
16 19 71
21 23 52
17 21 61
7 10 97
18 22 22
15 17 66
11 14 92
5 9 95
3 5 26
10 13 51
9 11 63
21 23 17
2 5 16
1 4 99
7 11 16
4 6 68
15 19 39
13 16 2
2 6 96
6 8 100
10 14 73
4 8 42
6 9 3
17 20 19
0 3 68
4 6 68
20 22 73
0 3 15
13 17 96
5 10 99
12 16 74
12 17 10
18 20 4
19 22 96
6 9 16
2 6 85
21 23 65
8 12 95
12 15 74
18 19 52
15 18 77
12 16 13
4 7 96
14 17 50
23 2 60
19 21 88
23 0 2
17 21 75
16 20 16
6 9 57
9 15 96
9 11 19
20 0 64
20 23 51
4 7 94
11 12 4
15 19 63
8 11 59
6 11 43
11 14 50
16 19 43
5 9 1
14 19 17
23 4 78
6 8 3
17 21 43
2 6 34
3 3 88
21 0 41
12 15 64
11 13 82
20 22 97
16 20 48
3 6 50
1 3 68
21 1 58
18 21 36
21 0 98
19 22 56
4 7 72
18 21 71
23 2 80
13 16 81
12 16 2
19 23 9
9 12 64
22 1 56
6 9 80
15 17 33
23 1 94
11 15 15
8 9 7
21 0 42
19 22 89
10 14 97
6 10 79
17 20 22
20 22 14
0 4 64
12 15 68
19 22 92
23 3 89
13 14 31
11 13 36
11 13 88
1 4 11
17 19 51
12 14 80
1 2 52
14 19 64
9 13 35
13 13 89
11 15 84
4 7 4
11 12 19
1 3 73
6 9 85
15 18 46
13 16 83
5 10 63
14 19 68
1 4 34
1 5 76
21 23 13
1 3 95
2 4 42
23 2 64
3 6 67
19 22 37
9 13 52
15 17 35
21 1 90
5 8 74
0 3 44
14 18 98
18 20 85
2 4 22
6 7 16
23 3 59
17 18 6
4 6 70
23 0 48
9 13 94
10 11 8
13 17 64
16 18 78
19 21 4
22 3 56
4 8 92
20 0 20
18 20 20
21 21 41
13 16 8
15 17 15
11 16 86
3 5 21
3 5 19
0 5 74
11 13 41
5 9 34
19 21 71
11 13 91
17 19 73
0 4 65
9 9 34
11 14 14
2 4 37
0 2 42
6 9 25
0 4 41
23 3 12
5 10 21
15 18 61
10 13 35
9 14 6
16 17 62
8 11 23
4 9 20
7 9 7
8 11 36
22 2 59
5 8 4
0 3 39
14 17 69
21 0 69
13 17 46
4 6 90
10 12 40
17 20 59
16 20 33
9 11 80
22 3 41
21 1 49
23 2 9
20 1 54
8 10 62
2 4 27
16 17 61
2 4 99
5 10 63
15 17 22
19 22 59
19 0 86
15 19 21
20 23 79
13 17 16
23 2 58
20 23 58
4 8 28
0 3 12
9 14 9
19 20 32
4 8 77
13 16 47
19 21 11
20 23 2
22 2 38
8 9 3
16 19 20
7 10 99
11 14 40
7 11 20
11 14 80
7 10 74
16 20 90
6 9 46
17 20 38
16 20 91
6 7 88
22 0 71
7 11 16
23 1 41
3 7 48
10 13 14
5 7 15
1 6 1
4 6 6
13 15 2
3 6 96
13 16 1
19 22 19
23 4 89
5 9 77
21 22 38
6 8 35
17 20 40
9 12 76
1 3 20
11 16 93
23 1 76
22 0 82
4 5 41
6 9 49
4 8 98
5 8 22
12 14 90
11 14 43
8 10 61
17 20 65
6 7 46
9 12 58
13 17 79
0 4 24
2 4 80
2 5 63
5 9 71
16 20 43
6 10 85
12 13 46
22 23 94
3 4 4
4 7 17
23 2 31
21 22 99
21 1 80
21 0 84
10 13 20
20 23 33
5 7 50
19 21 99
23 2 91
19 23 65
5 8 53
23 2 21
23 2 68
0 2 98
18 21 76
8 11 68
16 17 95
0 4 90
4 7 44
23 4 46
19 21 92
12 14 28
3 5 32
14 16 26
5 7 89
5 10 83
13 15 60
17 19 92
19 23 17
6 10 80
3 5 84
14 18 77
1 4 35
22 2 40
5 7 71
19 22 32
4 6 91
10 12 49
6 9 96
8 13 19
13 17 16
22 2 46
11 14 92
17 20 85
2 4 85
16 19 35
5 8 92
11 14 19
16 18 9
23 2 57
12 15 76
16 20 46
0 4 12
8 11 59
6 9 46
12 14 6
20 22 44
17 20 48
21 22 19
0 4 42
5 7 47
6 9 74
15 17 9
18 23 28
1 5 47
0 1 21
18 21 71
14 15 74
18 19 23
5 9 30
20 23 54
5 10 52
3 6 94
22 22 97
1 3 87
20 0 78
3 7 54
17 19 79
2 5 21
19 22 5
15 17 97
21 1 87
2 6 79
13 17 4
15 18 3
12 15 52
3 5 94
0 2 14
10 13 12
8 11 46
13 13 20
19 23 46
23 2 40
18 21 40
0 4 6
14 18 99
15 18 36
22 1 27
7 11 3
13 15 46
15 18 20
22 0 5
17 20 93
23 2 74
22 23 94
1 4 82
12 16 20
3 5 26
8 12 8
14 17 9
18 21 93
18 22 42
16 20 36
4 7 45
6 8 95
17 19 48
13 16 41
5 8 1
7 12 17
18 20 44
22 1 42
18 20 5
17 20 12
9 12 12
5 7 97
23 1 94
16 19 55
22 1 82
16 19 91
22 2 30
0 3 30
11 16 29
14 19 91
15 17 76
3 7 29
20 1 47
17 19 14
18 21 97
22 0 95
2 3 43
0 4 78
5 8 94
7 10 52
0 4 65
14 17 35
2 4 38
18 21 67
22 2 23
3 6 78
21 23 42
8 10 48
16 20 49
19 22 96
3 8 30
18 20 47
18 21 37
17 21 80
10 13 79
1 3 7
20 22 15
8 11 43
19 21 22
20 23 46
20 0 90
20 23 93
12 15 46
18 21 74
20 0 91
11 13 21
17 18 69
17 20 51
21 1 49
4 6 86
0 2 25
15 17 68
23 1 80
2 5 66
1 5 1
16 20 5
3 6 20
8 11 27
4 7 33
5 9 92
13 17 18
0 4 4
5 7 3
8 10 7
15 18 20
2 7 49
14 17 76
18 19 28
18 21 59
17 21 68
12 15 91
22 1 41
17 20 91
9 11 45
0 1 30
8 11 16
20 22 92
21 1 51
8 12 20
21 23 79
18 23 76
12 16 54
4 8 79
13 16 74
3 4 75
19 21 8
21 1 62
5 8 9
9 12 79
11 13 57
3 5 29
14 17 29
13 16 51
15 18 100
12 15 57
1 3 45
0 3 47
20 22 88
5 8 16
10 11 37
4 8 20
9 10 48
14 17 86
19 22 11
13 16 32
4 6 69
12 15 92
8 9 21
6 8 54
22 2 32
4 6 95
15 18 58
15 17 7
12 15 99
23 1 13
16 20 44
9 13 32
17 19 14
14 17 25
8 11 4
7 9 98
19 22 43
20 23 26
19 22 66
16 19 23
4 7 27
2 6 43
9 13 29
17 20 70
14 18 57
17 21 11
2 5 29
22 2 94
1 4 100
9 10 54
21 0 51
8 9 12
4 7 13
10 11 62
3 6 92
18 22 82
15 18 62
3 7 1
9 13 22
20 22 49
22 1 88
18 19 76
6 11 64
4 7 49
19 21 30
20 21 82
2 6 49
6 8 80
21 23 86
23 2 19
4 7 92
19 21 21
20 23 97
16 17 53
12 16 71
18 22 47
21 22 25
4 7 16
17 20 76
12 14 5
5 8 99
7 11 92
13 16 48
18 21 89
13 18 99
13 16 72
21 1 86
2 4 44
13 16 2
4 6 89
18 20 48
12 16 11
17 21 44
11 13 95
0 3 64
19 23 42
20 0 23
15 18 37
9 12 95
15 17 43
16 19 48
1 4 22
18 20 83
20 23 49
10 15 50
15 17 74
20 22 42
18 21 16
12 15 25
15 16 11
23 3 30
4 7 14
9 13 58
10 13 69
16 20 61
23 2 97
5 8 88
8 10 25
9 12 73
17 19 68
23 3 38
7 9 93
17 20 66
22 0 53
22 1 59
21 23 52
0 5 4
19 0 74
23 2 4
13 16 19
12 14 61
16 18 96
19 21 47
17 21 71
3 6 20
21 0 82
8 10 80
20 22 61
3 8 95
1 4 26
13 17 4
9 12 45
1 5 48
10 14 85
20 23 48
0 1 41
18 21 87
13 16 76
8 11 88
12 16 66
12 15 52
19 20 50
16 20 80
6 10 18
22 0 39
0 3 42
11 13 14
11 14 17
18 20 36
23 2 11
9 12 53
15 17 30
16 18 75
9 12 3
12 15 62
19 21 87
12 16 51
14 18 84
9 12 88
10 15 85
18 21 97
21 1 15
20 23 45
0 3 18
22 0 76
20 23 74
0 2 17
17 20 14
11 14 93
13 17 39
6 9 70
15 18 38
7 9 59
18 22 6
3 6 64
7 11 59
22 2 40
5 9 61
1 4 56
16 18 3
20 0 82
22 1 18
7 9 23
4 6 98
19 21 50
23 3 90
2 6 27
12 16 89
11 15 52
12 14 67
18 20 91
14 18 46
1 4 62
0 2 2
14 18 68
20 23 96
9 13 25
0 2 49
12 13 4
11 13 43
21 0 77
15 18 66
12 15 2
17 20 62
14 18 30
0 3 59
10 15 13
2 4 21
9 10 72
14 16 32
16 20 89
10 13 59
22 0 91
23 3 86
17 19 96
14 18 38
12 14 58
23 2 90
11 13 67
1 3 41
13 17 57
5 7 89
21 2 92
11 15 95
13 15 74
0 3 72
5 7 77
16 19 97
17 21 2
23 3 98
1 3 16
9 11 99
0 3 49
3 5 47
1 3 58
15 20 84
22 1 74
21 1 89
15 17 8
8 10 4
11 12 92
2 4 16
2 5 80
12 14 41
16 21 30
11 14 39
15 19 49
5 9 52
2 6 94
14 17 31
13 16 11
12 17 10
2 5 70
7 8 24
7 11 68
4 8 94
7 10 91
2 3 83
5 9 12
2 6 37
13 17 42
7 10 11
3 5 8
16 20 41
16 18 2
15 18 55
17 21 22
0 3 32
23 2 38
9 12 32
13 15 95
6 12 59
3 7 31
3 3 59
12 15 59
10 12 11
20 23 30
2 5 63
4 5 74
13 16 15
13 17 68
23 2 77
18 21 95
15 18 61
12 15 75
6 9 46
0 2 71
13 15 52
2 4 35
17 21 49
20 23 75
8 11 9
10 13 93
15 19 95
14 16 89
12 13 42
17 20 21
21 0 95
12 14 24
2 6 2
0 4 1
12 15 65
17 20 32
9 10 24
8 10 71
4 6 9
15 18 6
16 20 17
10 14 19
0 3 14
5 9 56
15 19 75
18 21 42
9 13 31
19 23 13
9 10 36
7 12 90
13 16 77
20 23 78
13 16 79
21 1 95
1 4 69
14 18 86
7 10 86
1 4 75
18 21 5
13 17 11
0 2 89
13 16 97
18 20 79
2 5 17
22 23 56
9 12 32
17 20 42
5 8 66
10 14 2
16 18 72
11 14 95
2 5 89
15 17 95
17 19 98
12 16 47
9 13 99
23 3 58
7 11 56
5 9 83
9 11 63
5 9 37
23 5 80
5 9 61
9 12 39
23 2 91
16 20 66
12 15 91
0 4 20
1 3 59
16 21 40
16 19 76
17 21 90
5 7 47
17 22 9
5 8 87
21 0 64
23 3 69
5 7 97
6 10 36
0 2 31
13 15 49
7 11 1
16 20 35
12 15 96
21 23 66
1 2 42
23 2 32
8 10 94
0 6 32
3 5 20
0 4 64
3 5 47
21 1 11
15 19 31
9 12 66
1 2 54
19 23 15
8 10 4
3 6 97
23 2 7
6 10 81
13 17 92
21 0 5
14 17 61
15 19 19
23 2 11
4 6 13
15 18 69
12 17 56
6 8 12
18 22 75
0 3 92
2 7 96
2 7 49
2 6 82
11 14 18
18 21 40
0 4 10
16 20 54
4 6 33
15 17 12
19 23 57
6 9 25
20 23 54
12 16 88
11 15 4
6 11 96
22 2 50
10 14 11
6 8 52
17 20 67
8 12 30
14 19 46
21 1 37
0 2 33
0 3 9
12 16 82
2 5 77
9 12 40
10 13 46
17 18 98
0 5 71
20 23 71
23 2 34
3 5 87
8 12 38
2 5 93
15 19 66
8 12 49
15 17 61
5 9 6
23 3 41
2 5 91
19 22 59
17 20 99
23 1 71
20 21 17
9 12 36
20 22 91
22 4 43
15 19 45
6 8 53
8 12 83
16 19 50
12 17 62
16 19 42
16 20 47
15 18 20
5 8 23
18 22 30
0 4 88
6 9 31
18 22 66
10 14 15
19 21 56
15 19 56
23 2 60
22 2 94
1 4 71
4 5 11
7 9 7
21 1 23
6 8 79
15 19 83
10 14 31
3 6 38
13 18 76
13 15 28
11 16 5
16 20 86
15 17 61
21 0 25
18 20 22
11 15 64
16 20 35
3 5 71
10 13 64
15 17 24
1 6 75
19 20 45
22 2 13
15 19 51
9 13 18
12 15 3
4 8 40
4 8 45
13 14 41
14 18 34
12 15 97
20 0 94
7 11 57
19 19 87
1 4 99
17 20 60
8 11 33
22 3 99
0 5 50
18 21 61
4 9 39
8 11 66
1 4 60
8 13 43
1 3 2
4 6 79
19 23 22
13 16 66
0 3 66
16 20 93
4 9 45
4 7 9
13 15 65
2 6 29
19 0 43
2 5 28
16 19 56
17 19 2
1 4 87
2 6 76
20 1 61
17 20 69
4 8 80
17 20 31
19 23 55
21 1 5
19 0 15
3 7 95
12 16 8
22 1 60
18 22 42
19 22 71
19 21 68
14 17 24
0 1 28
9 13 22
23 1 14
21 1 77
20 21 23
2 3 88
10 12 93
23 4 63
8 12 77
21 0 83
17 20 100
15 19 88
19 22 57
2 6 90
2 6 13
17 20 80
19 23 1
9 11 80
9 11 62
2 4 37
14 17 2
8 12 51
16 17 99
12 15 70
17 19 23
7 10 28
9 11 68
13 17 26
7 11 50
4 7 69
3 6 93
20 22 40
8 11 85
2 4 75
4 8 76
2 4 67
1 5 39
5 6 43
8 12 59
23 3 69
17 21 38
0 4 1
2 6 90
10 14 89
22 1 53
20 1 11
8 10 38
10 13 60
1 4 79
14 16 90
19 22 49
19 22 95
23 1 68
7 10 23
20 0 39
9 11 73
23 1 20
11 15 32
3 7 44
9 11 29
14 19 11
7 9 46
23 3 30
20 23 68
22 3 56
9 10 82
14 17 23
13 16 96
20 21 81
13 14 81
21 0 100
15 19 83
11 13 41
19 22 81
6 9 58
19 21 3
0 3 59
18 22 76
7 11 71
9 11 87
5 7 34
8 10 33
10 14 61
2 5 12
16 19 96
7 10 48
5 8 13
11 13 1
12 17 7
12 15 62
18 21 14
22 0 6
1 5 47
14 16 8
11 15 12
3 7 77
23 2 78
15 18 96
4 7 82
7 11 21
3 8 64
3 6 66
9 11 65
22 1 17
7 11 29
14 18 19
21 2 17
6 9 68
9 13 20
15 17 99
4 7 14
20 1 68
5 7 29
5 8 3
23 1 40
20 21 5
4 7 61
3 6 21
1 4 71
8 10 38
8 10 18
13 16 90
22 1 72
21 1 99
16 19 12
9 11 84
13 15 44
21 0 44
9 11 21
0 2 64
13 15 46
17 19 37
19 21 76
3 6 27
0 3 26
15 17 62
13 15 60
6 8 54
23 3 72
7 10 57
21 23 55
22 1 87
19 20 48
19 23 86
18 21 52
1 6 97
3 6 46
12 14 1
11 15 81
2 5 47
6 10 16
11 15 80
0 2 25
8 9 48
10 13 59
8 10 28
15 16 40
18 19 73
15 21 62
3 5 76
4 9 59
11 14 91
12 14 78
19 23 77
14 17 3
10 14 28
6 9 62
9 13 57
5 6 77
3 5 33
2 5 80
17 21 83
18 21 57
17 19 67
13 16 58
20 23 87
7 11 93
1 4 6
15 19 35
23 1 99
16 19 12
19 23 70
7 9 69
9 13 2
11 12 60
14 18 90
17 19 50
22 0 87
22 0 61
23 2 74
23 1 7
9 14 56
4 7 42
16 19 67
8 10 8
16 20 1
5 8 48
15 16 64
13 16 30
11 14 24
9 11 30
13 17 58
12 14 63
4 7 57
14 16 75
23 2 48
20 0 15
4 7 36
17 20 14
9 11 95
1 1 47
20 22 99
18 22 80
3 6 72
20 23 73
9 13 66
11 14 73
14 17 2
22 1 28
20 23 79
16 20 69
14 16 81
3 7 42
21 0 71
0 2 1
21 0 21
11 13 74
12 15 11
7 9 53
20 23 59
18 19 89
13 17 15
10 13 56
15 17 7
15 18 12
8 12 88
10 11 9
21 2 37
6 10 45
15 19 86
11 14 77
14 17 29
1 3 75
13 15 49
3 8 17
18 20 53
5 7 51
23 2 74
5 9 32
0 3 99
23 2 21
18 22 49
4 6 67
9 12 28
22 0 46
7 10 46
17 20 69
4 8 51
10 13 27
15 17 12
8 10 47
7 11 46
19 22 86
4 7 67
13 17 91
1 2 22
23 5 43
5 9 56
2 5 99
22 23 53
17 20 87
20 21 5
13 16 40
16 18 70
18 21 40
11 14 47
6 9 46
1 4 1
13 17 3
21 2 91
11 13 21
9 12 78
8 10 52
20 0 62
2 6 11
8 11 27
8 10 48
12 17 53
12 16 77
18 20 3
18 20 60
0 3 94
18 21 52
19 23 94
15 19 14
9 12 49
0 3 30
19 22 58
18 20 15
15 18 1
1 4 17
10 14 8
23 3 66
19 21 6
8 10 43
9 11 41
10 12 9
17 20 61
11 13 47
9 12 41
3 5 75
10 14 22
15 17 93
18 22 14
3 6 31
7 12 19
9 12 57
15 17 48
23 2 90
5 9 96
4 7 44
16 16 3
9 12 93
6 9 43
6 8 20
7 10 31
7 10 63
23 4 73
5 8 14
15 18 23
11 14 16
14 17 58
9 13 15
15 18 14
14 15 21
2 5 86
16 18 4
22 0 95
19 23 67
11 14 52
22 1 32
18 20 70
3 6 58
19 22 80
1 4 78
11 12 10
22 1 57
17 18 18
16 19 49
7 10 78
16 18 84
23 1 47
7 10 89
11 15 3
10 12 28
6 10 56
12 15 94
20 0 90
1 5 67
10 12 56
12 17 2
4 6 71
17 19 18
1 3 52
10 13 75
0 4 70
11 16 63
21 0 25
15 20 15
16 19 47
11 13 46
10 13 42
6 8 27
13 18 95
13 16 62
16 18 52
14 17 42
17 20 77
6 10 85
13 17 80
20 23 31
10 12 70
15 19 41
18 21 80
0 3 57
20 0 70
9 11 29
4 6 82
21 0 72
22 1 81
7 9 59
14 17 10
14 17 92
12 14 25
4 7 84
3 5 82
8 10 65
13 16 57
8 12 23
4 5 91
5 6 93
1 4 7
4 7 86
19 23 63
8 10 93
20 22 62
18 22 6
3 6 95
15 19 20
4 6 83
17 20 18
13 16 29
23 3 3
7 10 97
16 20 76
19 0 46
22 1 17
4 8 20
3 5 2
8 11 92
11 14 79
4 9 17
20 23 67
5 9 1
17 22 75
4 9 41
23 2 9
14 17 8
22 3 38
16 19 7
6 8 28
9 13 56
0 4 86
8 12 96
6 10 18
3 7 55
0 2 30
15 19 61
4 9 48
4 7 61
17 20 10
15 20 67
23 4 55
0 1 79
3 5 22
19 22 45
15 18 82
10 15 37
22 22 49
3 3 26
6 9 31
15 16 43
22 3 53
23 3 77
15 19 96
12 15 74
18 20 42
0 2 75
17 20 100
21 1 60
20 0 10
6 8 78
13 16 23
3 6 47
3 5 31
0 4 73
3 7 64
4 6 83
22 1 78
22 1 50
14 17 3
5 9 96
10 12 56
23 2 93
11 14 64
19 22 48
21 1 72
14 18 30
23 3 66
8 12 7
7 10 26
11 14 91
12 15 22
21 0 6
14 16 88
23 2 47
9 13 56
0 4 52
8 11 50
13 15 79
5 7 11
21 1 58
5 8 77
8 12 83
14 18 84
17 20 71
3 7 44
10 13 62
12 17 71
22 0 64
10 11 46
3 5 26
21 2 54
13 15 73
17 19 59
7 8 32
8 12 19
9 12 5
12 15 83
15 18 95
16 19 45
6 10 43
8 11 79
7 9 55
23 2 97
0 4 82
19 23 52
1 4 19
3 5 48
14 17 99
10 12 77
15 19 20
6 9 77
22 1 49
7 10 20
6 9 67
1 4 87
20 23 98
4 5 95
22 0 80
2 4 69
1 3 67
3 5 73
10 13 95
20 22 51
13 16 14
20 22 97
18 21 76
23 3 59
15 19 46
20 1 2
22 23 73
23 2 6
20 22 9
10 13 29
7 12 79
8 11 25
15 18 18
17 18 88
18 20 63
9 13 44
11 13 51
14 17 43
13 15 77
1 3 1
8 9 24
8 12 82
12 15 98
8 11 90
1 2 68
11 13 41
13 17 100
3 5 20
13 17 75
16 19 57
1 5 69
12 14 1
23 2 30
16 19 66
15 17 68
8 13 12
19 22 94
23 1 48
4 6 27
11 15 24
23 5 13
17 21 34
13 17 74
3 7 23
13 15 6
19 22 1
13 17 74
7 10 58
16 19 86
13 17 29
14 17 48
7 10 5
7 9 59
21 0 77
12 15 23
23 1 77
17 18 26
16 19 11
17 20 41
9 13 15
23 2 32
19 23 78
10 13 88
4 7 94
3 8 36
4 6 23
0 3 53
4 8 47
13 18 10
17 19 67
14 17 38
4 10 24
8 11 58
3 7 40
9 12 27
3 5 7
19 22 52
13 15 1
20 23 19
23 1 15
0 4 35
7 10 91
3 4 24
20 1 90
0 2 10
17 21 15
11 14 46
20 0 99
3 6 87
11 13 21
11 15 95
15 19 43
19 22 48
3 3 74
9 12 46
13 16 25
15 17 27
1 2 18
0 3 69
15 18 42
14 18 38
17 20 15
10 13 4
0 4 41
2 4 56
9 12 11
23 1 30
18 20 81
1 4 11
20 0 87
10 12 70
10 14 46
20 22 16
13 18 30
13 16 15
20 22 57
4 8 2
22 1 24
1 3 90
11 13 33
11 13 92
21 1 86
7 9 14
1 5 55
0 3 6
18 21 50
20 0 33
14 19 95
12 17 36
6 9 98
8 10 70
9 13 44
19 22 81
1 1 63
1 5 64
19 23 22
20 21 11
17 20 96
0 5 74
15 18 99
17 21 12
18 21 47
17 20 63
21 2 83
18 21 6
17 21 85
2 7 68
6 10 67
11 16 39
7 11 50
7 11 33
19 23 49
6 8 64
13 16 87
21 0 21
8 10 36
21 1 33
5 9 4
19 22 90
6 9 85
11 15 44
1 4 35
10 12 92
19 22 39
15 18 66
8 10 76
20 0 17
15 17 47
0 1 76
1 3 98
13 15 81
11 15 59
10 12 100
3 5 50
0 3 94
13 15 36
0 2 24
23 3 86
22 2 49
11 14 31
22 1 46
21 0 79
1 3 99
2 5 94
19 22 91
22 1 11
0 2 46
5 9 39
5 10 97
6 10 7
23 2 61
10 13 22
10 15 45
11 13 90
7 10 77
1 2 49
5 8 60
13 15 60
23 1 72
4 8 11
17 20 8
20 0 63
21 0 93
11 14 64
15 19 25
4 8 61
7 11 68
2 5 69
20 0 22
11 15 22
13 16 90
6 9 64
17 20 4
13 16 8
8 11 32
0 2 66
21 0 29
5 10 39
15 17 39
15 19 71
22 1 26
20 0 32
18 22 51
21 0 83
21 1 24
8 12 5
2 5 22
3 5 48
17 21 92
19 21 84
0 3 11
5 7 45
18 21 67
2 5 12
8 12 100
15 18 49
13 16 10
11 14 19
15 18 70
8 11 50
12 15 24
9 11 88
20 0 37
15 16 88
3 5 51
16 17 73
9 11 76
17 20 98
11 13 66
21 23 15
8 9 28
9 12 82
7 9 78
6 10 45
17 21 33
19 23 15
5 9 20
1 4 8
21 1 92
11 15 38
12 15 67
10 13 86
22 1 87
19 22 94
6 8 5
15 17 44
4 9 89
3 6 79
19 22 69
5 8 28
2 7 40
16 20 54
18 21 11
0 3 87
19 22 27
19 23 52
12 16 41
13 15 28
18 21 41
0 3 6
2 6 56
0 3 43
7 9 92
8 9 21
12 14 62
0 3 67
9 12 18
17 20 91
13 14 10
23 3 48
15 18 37
9 13 51
2 4 62
8 11 98
2 6 93
16 20 87
15 18 10
22 1 61
5 7 65
1 3 28
13 14 61
23 1 63
18 21 98
11 16 10
4 9 16
5 8 3
23 4 47
22 2 83
21 0 70
1 2 67
23 2 68
9 14 44
3 4 20
9 11 18
7 10 16
1 4 53
8 11 64
16 18 17
17 19 87
4 7 51
7 13 35
18 19 73
20 22 78
13 16 5
17 21 61
2 5 13
16 19 14
7 12 61
21 1 42
13 17 67
1 3 42
1 5 33
16 21 45
17 19 69
1 4 62
9 14 3
20 23 55
23 2 45
18 22 82
5 8 71
1 5 6
18 20 52
19 22 82
20 22 86
11 14 95
2 5 65
0 4 34
9 12 35
13 16 90
19 21 52
15 17 12
14 19 57
15 18 67
15 20 36
12 16 30
15 19 4
16 20 89
20 1 20
3 6 90
6 8 26
0 1 6
9 12 73
11 15 6
12 16 73
16 20 41
4 9 74
2 5 85
15 18 78
15 19 52
22 2 90
22 2 92
16 20 94
2 5 32
13 15 45
11 13 10
16 20 50
13 16 69
3 7 100
7 9 9
23 1 7
7 10 81
14 17 45
20 1 58
13 17 48
21 1 56
7 10 63
7 11 8
23 3 93
11 14 72
4 6 73
18 20 49
0 1 32
21 1 43
2 4 35
10 15 6
6 11 67
7 11 46
1 3 34
14 18 69
13 16 97
15 18 99
18 21 10
12 15 69
0 3 44
12 17 51
18 21 50
10 14 81
20 23 52
16 20 89
4 7 81
12 13 68
14 19 49
3 7 57
21 23 20
20 0 24
1 4 28
5 8 55
16 19 45
2 5 97
10 15 68
13 14 29
10 13 17
15 17 36
5 8 38
15 18 77
2 4 60
6 6 30
16 20 86
9 12 33
18 22 71
3 8 14
18 22 13
9 12 13
12 15 99
19 22 85
20 23 82
22 0 48
3 7 72
4 7 85
0 3 65
17 21 97
21 0 44
18 21 12
5 8 17
21 23 68
5 8 39
9 13 33
14 17 1
18 21 44
8 11 59
19 22 6
12 14 39
1 3 43
16 20 92
11 14 70
15 17 25
13 15 48
3 6 4
6 10 18
0 4 14
8 12 4
3 7 94
4 6 72
10 14 95
20 22 60
15 17 72
9 12 51
6 7 72
6 8 87
20 23 87
15 18 50
2 4 42
23 4 100
1 3 36
12 15 53
22 1 57
20 0 15
19 23 93
14 16 35
2 6 89
17 21 40
3 6 37
6 8 94
9 12 75
8 11 44
20 23 91
12 15 27
2 5 41
15 16 50
17 18 10
10 13 71
4 6 90
0 3 8
21 0 9
18 21 38
12 13 52
4 7 14
5 8 37
10 13 82
18 21 16
13 16 78
17 21 16
14 18 77
4 7 83
1 3 43
19 21 56
19 20 88
12 18 9
11 13 87
4 7 30
21 0 37
4 7 80
22 2 36
15 19 95
4 6 3
22 23 64
0 2 46
14 16 7
5 8 22
3 5 60
2 5 1
15 18 30
23 1 90
0 4 21
22 1 29
0 4 57
13 15 44
17 21 3
17 20 32
0 2 3
4 5 21
5 9 66
15 19 40
2 5 28
20 23 84
3 5 30
2 5 8
20 23 36
5 8 10
3 8 34
22 0 32
21 22 10
4 8 6
16 18 89
15 18 85
0 3 55
1 4 59
5 7 55
20 0 34
8 11 37
12 14 6
11 13 44
10 14 95
10 14 3
20 23 19
8 13 55
4 7 91
16 19 100
5 10 78
20 22 23
0 2 26
23 1 74
11 13 87
0 3 97
4 8 52
16 18 88
5 8 77
8 11 91
5 6 44
3 8 14
18 21 19
0 3 25
3 5 14
11 13 49
16 18 58
10 14 7
13 16 12
13 16 17
10 12 15
20 23 63
16 20 83
5 9 5
22 2 15
18 22 81
16 18 23
4 8 78
18 20 32
14 16 30
11 14 49
22 22 26
22 0 32
12 14 95
17 22 30
19 23 71
20 22 1
15 17 31
14 18 31
7 10 62
12 14 75
11 14 11
19 22 19
13 16 95
5 8 11
11 14 30
7 9 33
22 0 10
12 14 70
10 11 51
13 16 77
18 20 79
20 22 8
3 7 14
17 20 30
8 9 94
15 18 64
16 21 89
11 13 17
0 4 45
17 20 43
4 8 49
21 1 61
13 17 100
3 4 50
21 23 55
2 4 87
10 15 37
7 10 58
3 7 38
23 3 97
4 7 33
3 5 91
6 9 97
17 20 17
7 11 38
10 13 85
20 22 50
0 3 97
15 18 76
14 18 20
7 11 13
2 6 55
17 20 30
7 10 76
14 17 8
6 6 91
12 16 31
5 9 14
1 3 64
21 0 22
10 13 12
12 15 10
20 22 29
9 12 27
6 9 91
14 16 71
17 20 28
1 4 96
8 12 84
8 12 92
6 10 73
2 3 86
2 6 97
18 21 72
21 23 97
5 7 94
15 17 98
19 23 84
5 9 80
23 2 53
23 2 97
19 21 27
23 2 20
3 6 54
22 0 64
20 23 3
13 17 17
13 16 4
17 21 92
14 18 21
19 22 81
20 23 70
12 15 28
23 4 39
5 6 62
7 8 64
21 2 15
14 17 54
16 19 18
19 21 65
15 19 58
4 7 19
8 10 27
4 8 56
16 18 39
1 3 8
8 11 96
18 21 31
23 3 72
21 23 1
0 3 39
0 3 80
9 13 43
19 21 91
12 15 7
23 2 3
18 0 29
18 22 6
5 9 97
20 23 77
21 0 59
7 10 60
12 16 42
5 7 49
9 13 22
11 13 9
5 6 44
23 3 70
6 9 56
2 6 16
10 12 91
22 0 14
20 22 42
4 6 30
2 6 67
13 17 30
11 15 44
5 8 8
0 2 74
13 15 69
23 3 84
19 23 22
7 9 86
3 6 98
15 18 4
16 19 87
12 16 26
19 21 25
6 9 70
2 4 4
22 1 94
22 2 98
17 21 56
11 14 80
1 3 20
5 7 92
22 2 24
7 10 91
15 18 2
15 18 29
21 0 49
11 13 63
9 11 56
14 18 17
13 16 73
6 9 100
14 16 71
5 8 85
15 20 74
2 5 87
13 16 88
3 6 21
10 13 38
18 20 90
8 10 64
17 20 23
20 0 33
3 6 59
15 18 81
23 2 38
11 14 77
13 17 5
0 2 57
7 12 76
18 20 33
4 5 58
20 22 83
6 10 99
6 11 6
7 10 62
10 14 51
16 18 6
13 16 89
9 12 38
5 8 77
0 5 10
19 22 10
10 13 52
15 20 69
20 0 21
21 0 94
0 5 33
16 19 14
3 6 98
23 1 91
22 1 1
7 10 38
15 19 13
5 10 9
0 3 95
17 19 92
2 4 92
6 11 8
7 9 79
11 13 38
22 2 28
10 12 8
3 6 59
22 23 65
7 10 31
13 16 76
21 0 47
5 8 87
18 22 89
17 19 84
21 0 65
7 11 95
14 18 99
3 5 21
13 15 87
2 4 74
4 7 84
21 23 21
4 8 5
3 5 85
22 2 43
11 12 26
15 17 55
3 4 74
12 16 99
11 15 85
15 17 64
6 9 72
15 20 35
13 16 72
8 11 86
15 17 87
20 0 50
11 15 84
22 1 48
4 8 18
20 23 74
14 16 92
9 14 67
20 2 75
2 6 50
14 16 47
20 0 76
6 9 57
5 7 90
18 21 35
7 11 25
7 9 55
7 10 34
14 17 24
12 14 78
1 2 8
11 15 82
7 11 79
17 18 89
14 15 12
12 13 100
17 20 2
2 5 22
8 10 99
1 4 84
19 23 45
12 15 46
12 15 77
2 6 51
5 9 72
12 15 26
13 16 26
22 1 45
10 14 26
0 5 82
3 6 17
1 6 46
3 7 33
2 6 87
1 4 31
11 13 91
9 14 30
8 9 5
21 0 43
9 10 1
23 0 11
0 4 48
22 0 58
6 9 80
21 23 6
3 6 75
15 18 21
17 20 64
2 5 86
7 11 54
9 12 56
17 21 49
16 19 96
10 11 9
16 21 44
11 13 77
10 14 61
3 6 85
1 4 1
11 16 32
18 21 3
14 16 65
5 7 37
7 11 20
5 9 52
20 23 92
17 20 18
22 1 48
6 7 100
11 14 54
6 10 18
5 8 90
11 14 26
9 10 48
21 0 100
3 4 43
2 5 28
16 20 46
14 17 51
16 20 15
13 15 15
12 15 52
20 0 28
3 6 53
13 15 37
13 17 7
7 11 91
0 2 75
11 14 19
12 13 51
3 5 100
23 1 26
8 12 58
3 6 66
19 23 69
0 3 44
16 18 66
17 21 21
6 10 92
9 12 82
7 8 77
17 22 22
4 7 35
22 1 68
6 10 47
4 6 59
20 23 68
23 3 21
18 22 62
17 21 94
19 21 61
7 10 35
13 15 67
18 20 84
21 23 86
6 10 70
2 6 85
20 1 60
9 12 82
22 0 40
11 14 98
16 20 65
10 13 47
21 0 64
4 8 29
6 8 26
13 16 18
21 0 41
9 14 42
3 7 83
6 10 57
22 1 55
5 8 64
20 22 19
7 9 65
11 13 96
21 0 20
17 19 52
14 17 84
19 23 31
12 14 10
22 1 36
18 20 88
16 19 10
20 23 82
0 3 42
22 1 37
10 12 9
19 22 94
2 5 10
8 12 4
19 21 35
19 21 71
2 4 84
15 19 78
8 11 100
3 5 4
20 1 98
2 5 5
18 20 25
0 4 83
13 16 85
2 4 59
17 21 62
19 22 34
11 13 41
2 5 24
5 8 13
11 14 37
6 9 40
16 19 33
17 20 27
13 17 58
1 5 35
3 5 24
5 8 22
17 17 27
0 3 91
3 6 87
12 15 72
18 21 36
12 15 17
20 0 73
19 19 100
4 5 86
8 12 35
19 23 84
7 8 57
19 21 88
18 21 44
3 6 70
21 0 58
0 4 14
3 6 83
17 21 35
23 2 14
1 3 47
5 6 91
9 14 70
13 17 68
13 15 20
1 6 82
8 11 98
5 8 23
19 22 40
7 10 52
3 5 45
20 23 53
3 7 65
18 22 100
19 20 27
5 8 68
3 6 27
17 20 86
4 7 5
22 0 98
22 23 97
18 21 95
0 3 35
3 6 98
7 10 64
9 14 17
21 1 51
1 3 33
12 16 69
21 0 35
16 18 19
20 23 83
3 7 25
4 6 59
16 20 41
2 4 11
12 14 66
3 5 34
15 20 69
5 7 96
18 21 78
10 13 52
13 16 81
1 4 61
16 17 61
7 10 62
0 5 72
3 4 71
7 12 92
16 18 21
19 22 93
6 9 23
11 14 88
15 18 95
9 12 20
21 23 54
22 0 28
20 22 84
8 12 11
12 15 31
4 9 53
4 7 71
15 18 65
1 4 40
11 14 95
8 11 89
10 15 85
0 3 8
22 1 94
4 9 60
0 3 83
7 10 10
16 21 10
1 3 85
4 5 18
11 15 61
19 21 15
21 0 40
1 5 71
0 2 16
19 23 96
17 19 48
2 5 42
23 2 11
16 18 27
0 5 5
5 7 77
3 5 92
11 15 14
6 9 18
5 8 84
13 16 81
10 15 54
11 15 96
10 14 90
17 20 20
9 12 69
22 2 58
0 3 17
1 5 64
23 2 6
17 20 78
20 23 46
8 12 12
23 2 49
19 22 69
5 8 78
20 23 75
2 5 61
16 19 32
20 23 44
9 11 29
19 20 40
12 14 47
6 10 68
3 5 20
16 19 47
19 21 39
18 22 35
15 18 93
14 17 12
16 18 9
20 23 67
5 9 25
8 10 3
17 20 46
12 16 37
12 15 2
5 8 31
6 8 12
18 21 36
13 14 12
19 22 79
11 13 34
8 11 14
7 9 22
22 3 14
16 18 64
6 9 82
15 19 29
3 5 2
20 0 30
8 11 8
7 10 51
8 10 11
1 3 3
3 6 95
2 5 81
8 12 31
14 17 39
4 8 90
15 19 84
16 18 75
8 12 75
21 0 44
14 16 100
8 9 35
10 13 7
12 16 36
17 21 65
10 14 68
16 21 7
1 5 88
22 0 39
14 18 50
2 5 78
11 13 17
10 13 85
4 8 63
15 19 36
3 7 23
6 10 94
4 7 65
17 19 82
1 5 88
22 1 76
19 21 11
19 21 34
15 18 43
11 13 95
0 2 4
8 10 94
17 22 97
12 17 8
14 18 75
12 15 99
17 19 6
7 8 68
11 14 16
3 8 19
13 15 57
18 21 95
4 6 81
19 23 8
1 4 41
2 3 67
19 23 47
3 6 97
1 4 64
2 5 9
18 22 76
17 22 82
4 5 58
9 11 65
6 7 28
2 7 80
15 17 82
18 20 94
11 15 83
22 0 66
3 5 70
4 7 21
8 9 84
8 11 100
23 3 64
11 14 35
23 4 95
8 10 35
10 14 32
22 4 30
5 8 16
16 20 25
23 2 96
10 13 72
1 5 100
16 18 13
15 18 94
9 13 10
22 1 59
0 4 17
23 2 71
15 18 96
6 8 8
14 17 59
4 5 15
18 22 14
3 6 75
5 6 64
1 4 9
13 16 1
19 22 70
17 22 29
9 12 34
21 0 21
3 7 25
19 22 45
4 7 100
19 0 62
16 19 39
18 21 51
12 16 9
3 6 37
12 14 11
13 15 100
21 1 62
11 12 84
7 11 86
4 7 32
0 4 91
7 9 82
8 11 37
8 13 87
9 11 67
9 11 5
17 20 21
14 17 7
5 10 70
17 19 19
10 14 25
13 16 97
15 18 65
8 12 7
19 23 14
17 19 80
17 20 22
21 23 46
16 21 71
4 8 88
11 14 60
11 13 70
14 17 21
1 4 42
9 12 92
13 17 26
22 1 80
10 12 73
17 21 53
22 0 9
5 9 2
22 0 58
9 12 86
6 10 47
20 23 89
15 18 52
4 7 99
12 15 76
8 11 24
6 9 91
9 11 53
19 21 21
1 6 83
7 10 2
12 14 14
4 4 28
14 17 30
8 13 30
22 1 83
8 12 14
9 11 10
8 9 11
14 17 88
11 14 86
3 5 91
8 12 63
0 3 100
6 11 80
19 21 9
10 14 71
13 18 14
4 6 15
15 18 74
20 23 85
1 3 34
7 11 73
7 10 15
5 8 97
16 20 51
8 10 71
10 14 11
6 10 17
1 5 2
5 7 25
8 11 11
1 3 18
3 6 54
19 23 27
6 10 47
2 4 39
5 7 3
9 13 61
15 18 71
13 18 21
0 3 61
14 19 57
13 16 60
9 13 18
5 9 65
10 12 61
5 7 78
1 4 79
10 13 39
4 7 91
15 17 22
11 13 10
22 3 75
0 2 16
0 3 63
19 21 25
20 23 4
0 4 77
5 9 67
11 14 1
10 13 65
5 8 75
12 16 41
16 19 89
21 1 43
22 1 42
8 12 94
15 16 89
20 23 52
12 15 80
19 23 99
4 6 88
17 23 97
17 20 72
2 6 29
16 19 75
16 19 94
4 7 73
22 1 42
1 5 74
21 22 18
20 23 43
12 15 68
20 0 68
21 1 11
23 2 72
4 9 7
16 18 45
0 4 61
22 1 48
12 15 84
11 14 57
10 13 35
6 9 68
16 17 17
16 19 98
6 7 37
16 18 17
16 20 6
10 13 20
13 16 87
5 7 7
2 6 9
16 18 93
9 12 76
6 9 72
16 18 58
20 0 36
22 2 25
22 2 52
7 10 49
23 2 55
11 14 100
4 8 64
14 16 13
4 8 78
8 11 54
7 9 21
9 12 18
9 13 36
6 9 43
17 19 59
5 9 76
12 15 98
4 8 14
4 4 49
8 11 41
11 14 13
20 22 41
23 2 39
18 22 39
22 0 87
16 19 78
9 12 75
18 21 41
3 3 76
7 9 10
21 23 19
23 3 22
15 20 57
12 15 93
2 4 60
21 1 71
8 11 46
18 20 82
23 2 18
6 11 29
0 3 91
13 15 16
4 8 68
15 19 33
8 10 31
6 9 42
22 0 21
16 20 74
22 1 61
11 14 64
17 22 1
10 14 56
16 20 61
4 7 84
21 2 54
12 14 7
9 12 45
12 17 16
8 11 92
16 18 13
11 15 36
23 2 4
15 18 60
18 21 61
12 17 69
19 22 75
23 0 44
11 14 90
15 17 51
2 5 51
6 9 4
13 17 17
11 13 62
4 5 42
3 5 5
4 7 60
2 5 38
18 22 18
9 12 42
1 5 17
13 15 26
21 1 35
17 20 40
16 18 21
22 1 37
17 20 19
7 9 90
9 10 73
20 21 6
17 20 32
12 15 92
4 7 53
3 6 55
15 19 6
21 0 41
7 8 37
20 22 53
2 4 57
1 4 96
7 11 66
11 14 51
13 18 42
16 20 8
7 9 25
5 9 83
2 6 5
3 4 75
11 14 42
7 9 88
13 17 63
13 16 36
23 2 14
10 14 94
9 13 15
4 8 10
13 17 12
13 17 95
4 6 10
21 23 58
19 22 31
9 12 39
3 7 61
2 7 79
8 11 83
11 14 66
3 6 27
7 9 32
19 23 45
6 8 4
2 5 88
23 2 77
8 11 70
14 17 83
4 8 11
6 9 84
9 12 44
10 13 37
0 2 10
6 10 28
9 11 67
23 1 12
16 19 15
5 7 96
0 2 61
9 12 10
14 18 48
19 20 80
17 20 37
4 7 36
18 21 56
7 10 56
15 20 63
7 11 65
17 19 63
20 23 38
2 4 88
12 16 70
10 12 40
19 23 97
10 12 65
22 2 31
10 14 77
18 21 13
12 16 93
15 18 72
7 11 25
3 6 59
16 18 100
4 5 18
11 15 40
6 8 16
2 6 95
13 17 9
8 11 70
0 4 52
11 15 22
12 16 9
10 13 87
19 22 96
8 11 68
8 11 33
18 22 6
13 15 68
10 14 94
5 6 91
6 10 83
15 19 92
1 5 64
2 6 7
17 20 73
19 21 27
10 15 26
5 9 24
23 2 84
6 10 49
10 16 28
22 1 67
20 23 43
20 23 93
6 6 84
13 16 92
10 12 66
13 17 13
14 18 73
21 0 6
15 17 94
3 7 80
19 23 48
14 17 30
19 21 39
11 15 68
7 11 27
15 17 61
19 23 21
0 4 5
19 21 22
5 7 38
18 20 21
19 22 35
20 23 39
7 9 99
4 7 83
20 22 40
19 22 71
1 5 83
23 1 94
21 22 37
22 0 57
10 13 90
17 19 93
13 16 12
8 12 70
23 1 39
15 20 41
1 3 50
22 3 98
11 14 46
12 15 77
18 21 8
0 3 16
20 23 20
15 17 68
22 2 45
19 22 64
9 12 15
5 9 44
15 19 97
4 7 10
16 19 92
1 2 21
22 2 48
2 8 45
20 22 31
22 1 36
14 16 93
14 17 62
6 10 98
13 17 10
23 1 2
3 6 22
11 16 12
17 20 1
3 6 23
17 19 51
17 19 42
16 18 7
7 8 52
0 4 75
15 17 17
21 0 83
8 12 84
10 13 42
0 5 30
15 18 87
6 7 3
9 13 72
11 13 30
16 18 36
9 12 100
13 17 72
12 16 60
22 0 67
18 22 60
19 22 93
13 16 98
1 4 38
3 8 88
9 11 92
4 6 13
9 11 19
5 7 32
3 5 12
21 0 70
19 22 45
19 23 93
17 19 64
15 16 64
21 0 62
6 8 83
5 7 33
12 16 31
2 5 15
9 11 29
4 6 98
1 4 27
2 3 8
21 0 18
16 20 99
12 15 97
13 14 59
7 11 22
2 6 86
18 22 14
12 14 33
13 15 34
23 2 90
0 2 11
3 7 83
11 14 85
19 21 34
9 13 72
17 21 17
13 16 19
23 3 13
11 12 36
14 18 18
4 7 98
5 8 1
9 13 24
5 8 99
16 16 17
22 1 79
14 17 64
14 17 45
3 5 87
17 21 73
13 17 64
14 19 6
0 4 79
12 16 13
0 1 98
5 10 87
16 19 42
20 1 60
17 19 79
0 2 98
7 10 48
21 22 22
10 12 90
3 5 55
13 16 12
8 11 37
3 5 39
8 11 30
12 15 67
23 1 99
6 10 98
23 4 27
3 6 85
7 10 17
2 5 57
14 17 80
9 13 30
4 9 7
10 14 60
3 6 74
19 22 71
23 4 46
4 8 6
21 0 61
10 12 47
11 14 91
2 3 11
19 23 41
11 14 90
7 11 74
16 19 54
19 21 62
1 2 95
14 17 39
19 22 35
3 5 18
11 15 83
14 18 75
3 7 58
9 12 32
13 16 26
2 5 94
8 11 3
18 21 63
17 21 95
21 1 73
13 15 55
16 19 23
7 12 3
5 6 16
9 11 42
12 15 50
14 17 35
4 7 24
0 4 51
15 17 16
20 23 35
7 9 31
5 9 87
11 14 100
4 7 93
8 11 56
6 10 86
13 15 59
21 0 77
23 2 76
20 23 92
22 0 16
7 11 82
10 12 84
15 18 65
2 5 23
17 20 65
3 7 21
15 18 64
14 16 16
1 5 4
14 17 66
15 18 1
13 15 17
21 0 7
19 22 3
23 3 40
17 22 42
22 3 63
20 21 93
16 18 19
4 7 36
9 12 75
2 5 13
8 13 7
2 5 32
3 6 59
1 5 86
7 8 41
17 19 88
18 21 36
2 6 35
11 12 80
7 9 1
3 7 14
7 8 56
7 10 7
9 12 61
8 11 93
4 6 49
0 3 96
6 11 36
10 13 99
1 3 81
22 1 29
21 0 97
3 5 79
10 14 88
14 17 87
13 16 26
14 19 56
23 3 88
2 7 91
4 9 59
14 16 95
6 10 8
5 8 25
18 21 52
2 5 90
17 21 29
12 14 2
15 17 41
10 14 58
2 6 17
18 21 90
11 14 23
7 8 61
11 14 96
2 6 1
0 2 7
11 13 92
20 0 52
11 15 70
0 3 55
1 3 34
1 4 9
19 23 98
15 18 67
18 21 86
11 15 85
1 4 64
23 1 17
8 10 98
1 4 76
4 9 54
17 20 44
9 11 93
4 8 53
4 7 35
10 13 18
6 9 66
12 15 57
23 3 99
0 3 12
6 10 30
18 21 24
4 9 58
3 5 28
18 21 17
9 11 98
19 23 49
8 13 37
21 2 73
17 20 13
13 16 90
23 1 91
6 10 88
16 19 31
8 11 53
1 3 97
12 17 41
22 1 40
7 10 70
22 2 29
1 6 28
21 23 80
6 10 99
11 15 2
6 9 57
21 0 51
12 14 72
6 10 22
20 22 72
3 6 87
17 21 74
0 1 16
15 17 80
0 2 97
4 8 99
20 23 52
11 11 16
23 2 15
10 13 83
18 21 92
14 16 63
8 10 18
2 3 24
6 7 23
8 9 41
22 1 13
14 18 92
22 1 87
10 13 77
20 23 68
8 12 6
6 9 100
18 19 2
4 7 92
14 18 87
6 10 46
22 0 44
16 20 40
14 18 46
0 4 6
3 6 10
14 17 57
16 18 58
6 8 59
1 3 90
18 18 43
3 6 93
1 5 51
6 8 30
10 13 77
12 15 49
2 6 82
12 15 65
22 1 51
18 21 44
14 17 41
19 23 16
13 16 3
23 2 47
19 22 72
18 21 56
20 0 83
1 5 42
10 13 30
19 21 50
6 8 34
14 17 66
21 1 60
3 5 80
17 20 33
18 22 84
14 17 17
3 6 44
5 8 34
0 4 41
15 17 15
14 18 19
13 17 22
11 14 86
6 10 14
22 1 59
17 20 17
15 19 11
0 5 87
22 0 80
2 6 68
12 14 1
12 15 40
15 19 41
22 1 9
21 1 24
1 4 41
16 17 88
16 19 44
10 11 12
13 15 17
14 18 45
6 8 57
11 13 98
23 1 85
1 4 44
11 13 5
0 3 93
9 10 4
21 1 76
15 17 75
22 22 18
17 20 27
13 15 59
23 0 61
18 21 90
17 19 51
7 9 32
22 1 59
20 23 34
18 21 88
13 16 85
19 23 35
12 15 43
5 9 90
12 13 31
2 5 41
2 5 1
1 5 63
9 12 70
13 13 86
18 20 8
12 17 43
19 22 82
6 10 14
18 20 65
0 2 9
10 12 67
15 20 77
0 3 61
18 22 18
18 21 22
19 21 35
4 7 66
6 10 64
11 14 29
14 19 43
15 18 45
12 16 19
8 11 13
1 5 61
18 20 60
3 6 94
11 14 89
12 15 45
19 21 85
6 8 91
8 13 53
22 1 79
19 22 45
19 22 16
1 1 44
0 1 17
16 18 89
18 22 76
8 12 24
18 21 88
6 9 38
3 6 96
0 3 74
6 8 96
8 12 1
5 7 69
16 21 42
14 17 64
20 20 25
3 7 44
17 19 1
22 23 17
5 8 76
15 17 34
9 14 39
20 0 15
5 7 95
14 18 60
22 1 99
15 18 100
16 19 69
11 13 6
3 6 5
9 10 21
17 20 90
12 14 12
3 6 77
20 23 9
15 18 49
0 1 44
9 12 5
1 5 22
12 16 48
5 9 18
8 11 10
4 6 75
4 8 75
12 14 74
21 1 2
19 23 16
11 13 21
2 5 55
11 15 86
8 11 56
20 0 73
0 1 43
21 0 74
23 4 93
10 14 17
19 23 57
10 13 3
8 11 85
1 3 57
17 21 77
20 23 98
1 5 44
7 11 31
7 10 48
19 21 50
19 23 93
10 13 90
12 17 91
9 14 70
23 0 13
16 16 24
5 9 88
2 5 26
13 15 91
1 3 13
5 9 100
12 14 5
13 14 1
8 12 1
5 8 42
7 8 98
6 9 99
3 5 5
7 10 5
2 5 5
20 23 97
13 16 59
22 0 43
3 6 65
7 10 42
23 2 47
18 20 22
3 6 78
15 17 96
20 0 16
23 3 79
18 21 52
13 16 88
18 20 100
0 3 58
11 13 5
10 12 84
12 16 100
19 21 77
12 16 90
21 1 20
7 12 85
23 2 70
23 1 98
11 15 11
19 21 98
6 8 87
10 14 68
15 18 15
13 16 9
8 11 19
14 17 51
13 15 28
20 21 7
20 0 61
18 21 41
15 18 99
2 5 79
19 22 100
3 7 83
14 15 36
20 23 46
9 13 52
3 6 40
8 11 99
4 5 51
2 6 13
6 8 48
14 17 65
20 22 62
21 2 60
18 21 75
17 19 75
16 18 36
11 16 40
3 6 13
5 9 84
2 4 85
1 4 36
11 14 74
9 10 53
11 13 83
23 2 70
8 10 75
23 1 91
22 3 59
2 5 2
3 5 54
17 20 62
13 16 45
9 13 35
10 13 74
22 3 28
21 0 88
1 6 56
8 11 15
5 8 86
19 22 50
13 15 100
21 0 3
13 15 87
5 6 22
17 20 89
4 8 25
9 11 54
4 7 87
11 14 83
8 13 71
9 13 9
2 4 64
3 5 15
20 1 78
0 4 34
3 6 67
5 7 78
10 13 13
18 21 4
9 11 78
9 12 90
6 9 84
1 4 52
10 13 24
11 14 64
19 23 18
2 6 58
13 17 40
20 22 32
17 19 37
19 23 80
23 1 78
1 5 77
11 15 19
12 14 57
17 22 60
17 21 89
12 14 63
0 3 70
7 10 61
23 3 8
8 13 68
21 23 91
7 10 63
10 13 91
13 16 8
16 18 77
15 16 25
18 22 9
23 0 83
23 3 84
21 0 40
16 18 88
21 1 14
23 0 90
11 15 18
23 0 78
12 14 61
20 23 43
7 10 40
0 3 82
22 0 25
23 2 6
7 8 6
8 12 98
23 1 31
21 0 2
5 8 17
19 22 5
6 9 29
20 21 84
22 1 54
20 23 44
11 14 72
7 12 29
1 4 34
17 22 99
19 21 71
7 10 94
11 13 99
18 21 87
2 5 89
11 14 42
20 0 4
2 3 56
16 19 56
2 6 23
16 20 74
0 5 15
11 16 38
3 6 85
2 4 89
11 12 89
14 17 90
20 2 53
4 5 93
4 7 86
10 15 35
20 21 70
6 9 13
2 4 95
3 7 44
5 7 69
5 9 67
21 1 80
19 22 77
0 1 81
16 20 82
23 2 31
9 11 40
18 22 13
7 10 92
5 8 48
5 7 30
15 18 53
20 22 73
18 19 9
12 16 56
8 12 89
3 5 78
22 2 4
2 5 49
22 0 86
15 19 46
15 17 52
22 3 66
13 15 99
22 1 45
17 19 44
0 2 70
19 23 7
9 13 87
7 10 71
23 1 6
3 6 48
18 20 61
23 1 47
16 19 71
20 1 7
0 3 48
10 14 23
9 13 51
15 17 16
4 7 26
10 12 35
19 22 37
1 5 16
6 10 78
20 22 32
21 22 28
12 16 69
21 0 52
10 15 4
21 1 46
18 20 35
10 14 66
11 15 79
20 22 27
23 3 94
7 11 67
1 3 25
20 22 9
2 6 87
17 21 70
20 23 28
19 21 79
3 5 31
18 21 88
2 5 26
16 19 9
21 0 74
13 15 6
16 18 99
15 18 48
6 8 6
9 12 37
22 2 53
17 19 25
8 13 60
19 23 65
0 4 15
8 11 24
5 10 95
12 15 40
7 10 94
19 0 9
3 6 74
4 7 63
14 16 82
8 11 89
12 15 42
11 13 41
19 22 74
11 15 69
17 20 75
10 13 37
9 11 50
0 4 43
23 3 33
20 0 99
14 15 68
8 12 81
0 3 84
7 10 58
0 2 82
20 23 36
4 5 16
17 19 42
0 3 45
19 23 18
21 22 48
10 14 99
3 6 47
19 23 3
4 7 49
2 5 49
11 14 30
20 22 17
2 4 85
9 12 12
17 18 26
18 20 56
23 3 37
13 17 26
2 5 61
18 21 88
6 11 49
3 6 10
18 20 69
11 14 91
3 9 98
1 3 39
5 7 25
0 2 82
4 7 31
2 5 14
17 21 60
9 12 28
5 8 25
1 4 60
4 6 17
13 15 39
1 5 62
6 10 56
13 16 71
22 1 44
0 3 51
19 20 85
0 2 66
17 21 55
13 17 64
21 1 34
21 0 45
12 14 42
19 22 32
10 13 98
13 17 92
19 22 68
3 6 72
12 12 90
22 0 27
14 17 11
8 12 32
12 15 67
8 12 76
10 13 89
3 7 94
2 4 23
9 11 17
23 1 45
0 2 57
3 5 73
22 1 68
6 8 3
6 8 94
3 5 51
11 13 3
7 12 44
9 13 16
15 18 6
19 21 69
23 2 86
6 9 71
14 18 39
13 15 17
12 15 48
15 17 68
16 19 95
6 10 15
12 15 3
22 0 35
12 16 2
1 4 79
23 2 52
16 19 80
0 4 41
8 11 94
22 0 56
1 3 54
18 21 92
2 3 60
19 22 57
22 1 4
19 20 84
13 16 38
5 7 10
15 17 67
14 18 58
11 14 96
19 22 21
16 21 49
15 18 90
15 20 20
9 12 34
19 21 16
21 0 9
2 5 26
6 9 7
11 13 97
0 2 13
18 20 89
14 19 66
19 22 52
21 0 75
15 18 42
16 21 38
15 20 72
14 18 18
0 5 10
12 17 57
18 19 9
3 4 63
2 6 20
20 22 86
16 18 82
8 11 7
6 8 48
3 6 55
12 14 19
1 5 24
19 20 20
19 23 73
21 23 54
3 5 1
16 19 56
18 21 17
13 16 49
20 23 32
1 5 47
22 2 13
3 5 46
1 3 69
12 15 92
23 3 77
22 0 98
10 15 89
17 19 31
2 6 53
2 5 13
3 5 52
12 15 100
3 7 72
23 3 54
11 16 30
20 22 39
17 21 76
0 2 96
17 18 26
16 19 96
14 16 46
20 21 12
13 15 62
23 2 77
22 2 55
16 18 100
21 1 12
10 13 99
16 20 71
4 6 30
8 11 68
17 19 94
5 8 43
8 12 63
6 8 34
0 3 72
2 3 23
0 4 29
6 8 12
13 16 16
11 15 22
17 19 29
14 17 1
5 9 82
11 13 46
11 13 29
3 6 17
15 17 48
2 4 4
15 17 8
3 7 80
12 14 46
7 10 21
23 2 46
22 0 11
20 22 72
16 19 97
16 20 53
17 20 75
18 19 89
14 19 94
15 17 86
17 21 9
8 10 73
1 3 33
14 17 41
13 14 14
22 0 86
14 16 65
12 15 77
3 7 8
9 12 17
22 0 44
18 20 18
22 2 28
14 17 1
14 16 76
10 14 7
15 17 98
17 19 92
0 2 58
20 0 88
9 12 59
19 21 20
6 9 38
18 21 40
17 21 88
3 7 87
5 8 51
4 7 32
5 8 48
0 3 85
20 0 80
23 2 98
15 19 88
8 11 97
15 16 58
0 3 65
6 10 97
16 19 58
21 1 73
14 17 57
12 15 93
21 23 33
14 15 84
6 10 6
4 6 16
2 6 4
12 14 71
21 23 83
9 12 1
18 21 6
21 23 94
18 22 77
23 23 43
9 13 53
10 13 53
21 0 53
12 16 48
13 17 60
23 1 48
16 19 56
1 3 27
13 16 80
23 2 43
21 23 19
16 20 85
6 8 62
9 12 58
10 13 39
0 5 73
17 19 92
9 13 40
10 14 27
8 12 40
21 23 63
12 15 50
16 18 20
23 2 97
7 10 51
6 10 79
16 17 26
8 12 14
2 3 85
11 15 76
20 0 10
14 19 33
22 1 44
8 11 25
3 7 13
3 5 49
6 8 29
22 2 84
23 2 18
16 20 48
7 10 91
15 19 27
20 0 80
6 7 83
3 5 37
16 19 79
21 0 68
21 2 38
2 4 58
23 2 39
1 5 18
4 7 78
10 13 70
21 0 52
11 14 78
21 23 92
23 3 65
21 1 3
0 2 35
19 23 79
10 13 4
17 20 76
15 18 34
4 6 2
8 10 37
19 23 41
17 19 81
15 18 58
9 13 82
8 10 27
15 17 68
16 19 47
11 12 96
22 0 19
7 11 65
15 19 6
0 3 12
22 3 36
12 16 90
22 2 11
20 22 25
6 9 43
0 4 50
10 14 99
3 7 85
2 5 4
6 10 58
18 22 90
6 10 57
8 11 78
9 13 24
14 17 73
11 15 76
7 11 71
9 12 70
8 10 8
12 15 96
9 13 73
21 23 82
4 6 84
13 16 45
13 14 68
16 20 51
4 8 95
16 19 54
9 12 92
6 10 43
20 1 24
0 2 54
12 15 43
6 9 2
6 9 11
10 13 18
21 23 25
21 0 98
14 17 44
7 11 42
13 16 74
11 15 82
19 21 38
3 4 63
2 4 82
16 19 49
16 18 96
8 10 4
21 1 2
18 21 59
15 18 30
22 0 99
4 7 55
11 15 2
7 11 14
9 12 30
5 10 57
19 22 82
23 3 37
6 9 42
14 17 83
14 17 69
7 10 2
5 9 21
1 4 44
2 5 59
12 16 68
19 22 26
10 13 72
10 12 80
12 15 63
21 23 53
2 6 29
20 0 14
13 17 49
13 16 1
3 7 42
9 13 71
4 8 94
4 7 27
14 17 31
5 7 4
0 1 63
8 10 83
17 21 29
4 8 26
9 12 83
20 1 82
11 15 29
19 23 42
13 17 68
14 15 44
0 5 63
0 0 60
19 23 26
18 21 98
20 23 27
22 2 49
12 16 77
21 0 84
20 1 12
19 21 58
23 3 91
22 3 71
13 15 8
2 5 68
10 14 41
23 2 88
0 4 76
14 17 66
22 1 68
6 10 98
17 20 53
7 9 25
12 15 38
18 21 64
3 6 25
15 17 69
12 16 27
20 22 90
4 6 87
3 6 79
13 17 49
16 20 59
16 20 52
5 8 7
13 15 99
22 2 38
10 13 77
9 12 64
21 1 13
19 22 91
3 5 73
3 8 82
0 3 31
10 13 30
11 13 40
12 15 56
13 16 75
12 12 71
16 20 29
19 21 76
18 22 75
18 20 82
19 21 91
4 6 54
1 3 64
6 10 82
7 10 85
9 11 83
21 0 4
13 17 65
16 19 60
11 15 15
20 0 95
3 5 60
6 10 87
23 2 50
8 11 77
18 20 36
0 4 65
6 8 42
21 0 38
2 5 9
15 19 25
18 21 59
23 0 67
18 21 18
18 20 61
20 1 80
1 4 76
15 19 79
12 17 10
2 4 75
23 2 86
8 12 48
13 13 67
10 13 36
20 22 6
21 0 60
19 23 12
4 7 10
9 12 50
4 6 93
5 9 48
9 11 18
13 16 32
11 15 92
9 11 99
2 6 21
9 12 47
9 11 35
2 5 92
22 23 17
4 7 56
7 11 53
10 13 3
3 6 17
6 9 89
3 6 39
23 0 21
17 21 5
2 6 86
2 4 29
9 13 100
21 23 35
22 0 51
19 23 78
4 7 100
8 9 19
11 13 21
16 18 30
19 22 99
4 7 96
21 22 33
7 11 75
16 16 58
9 13 79
16 19 22
2 5 73
0 4 3
21 0 99
1 4 17
9 12 43
19 22 72
0 5 19
2 6 31
22 1 48
2 5 14
11 13 80
3 7 2
6 9 98
3 7 45
5 6 53
6 10 45
6 9 17
19 22 32
14 17 41
2 4 54
21 1 50
19 22 12
23 2 37
8 11 89
19 22 77
20 23 97
19 23 78
21 0 9
3 5 27
7 12 65
19 23 44
21 23 53
21 0 58
17 22 43
4 8 87
20 22 44
16 17 23
9 10 61
13 16 7
0 3 100
1 4 78
8 12 20
2 5 79
12 13 10
12 17 33
12 17 44
0 3 51
12 14 33
1 3 65
9 12 98
18 20 66
13 16 63
2 5 37
18 21 54
16 21 17
3 6 13
17 20 18
3 6 17
19 23 64
2 7 2
8 12 30
9 14 60
4 8 39
9 13 29
1 3 35
20 0 99
4 8 30
1 3 90
18 21 17
9 12 56
0 5 21
3 6 87
0 1 19
4 8 25
16 19 62
15 17 9
21 23 48
10 11 89
2 5 99
11 14 84
0 3 69
20 23 9
22 1 2
7 8 9
10 12 64
4 7 2
11 14 46
10 12 84
21 0 76
9 12 97
18 21 92
21 23 33
3 6 3
16 19 65
20 23 13
18 21 26
3 6 45
5 6 66
18 23 41
17 20 83
12 16 33
6 11 80
14 15 12
7 11 34
11 14 37
4 6 81
8 13 58
17 20 22
12 15 61
21 1 48
21 0 89
12 16 32
14 18 36
17 18 6
16 18 33
10 15 20
5 7 9
13 17 48
7 11 47
7 9 67
13 16 97
17 20 92
9 13 48
8 12 67
0 4 57
15 19 14
11 12 46
20 0 60
3 7 45
10 13 34
23 3 12
12 15 95
9 14 60
12 15 69
3 6 78
6 9 76
16 20 76
7 9 67
12 16 45
23 1 89
15 18 86
12 16 20
4 5 64
11 13 52
7 9 17
9 12 60
1 4 95
16 19 27
16 18 21
16 19 26
20 2 8
11 15 54
21 0 52
7 9 92
1 4 50
22 1 71
9 11 13
14 16 67
18 22 51
0 3 30
7 11 83
6 7 23
1 5 45
9 14 33
1 4 89
4 9 34
9 13 88
2 5 24
0 3 46
21 23 93
10 13 24
12 16 31
6 9 45
16 20 41
20 0 19
1 2 18
0 3 28
16 18 55
3 7 46
4 7 74
10 11 10
4 8 77
7 10 89
23 2 36
13 16 86
2 4 23
21 0 17
19 23 85
13 15 54
23 0 61
12 13 35
20 0 86
19 0 83
14 17 95
23 0 31
5 7 29
5 8 23
4 8 63
22 0 93
13 16 22
3 5 53
17 19 29
21 23 80
2 5 48
3 8 33
13 16 36
23 3 6
22 0 58
13 15 9
19 23 97
6 9 38
11 14 86
18 23 39
7 11 83
15 17 67
9 14 97
8 10 2
20 0 53
18 20 24
20 22 46
8 11 29
5 10 42
8 11 54
8 12 56
13 17 38
2 5 44
8 10 65
3 6 54
12 13 35
8 12 95
11 12 80
19 22 43
19 23 56
9 12 58
15 16 43
22 22 35
22 1 80
4 6 30
2 5 86
7 10 8
0 3 76
1 5 63
16 17 20
5 9 23
13 17 39
11 15 81
8 11 44
8 11 30
12 12 64
16 20 49
1 2 94
17 20 84
3 7 43
11 14 46
19 23 17
3 6 24
9 13 12
23 2 12
0 4 97
4 5 84
20 22 15
5 7 66
9 13 55
21 2 48
12 15 55
12 13 82
8 11 70
4 7 81
18 21 39
17 20 48
6 8 81
22 1 84
23 3 87
7 10 57
12 18 53
23 1 57
5 6 34
19 23 80
11 13 37
3 7 5
14 17 93
21 23 52
2 5 31
8 11 14
6 7 37
17 19 23
20 23 30
18 21 65
13 17 31
12 15 87
8 11 86
19 23 68
21 2 58
22 2 29
20 23 54
21 0 99
1 4 32
17 20 65
10 13 83
21 2 70
23 1 25
23 1 32
21 0 37
6 9 73
3 6 99
7 10 34
12 15 86
7 11 15
4 6 7
13 17 79
9 11 34
15 17 39
5 7 79
12 13 94
22 0 87
22 3 51
19 22 79
16 19 41
2 4 73
8 12 75
9 14 85
2 5 68
1 4 87
11 14 80
5 9 70
22 0 17
2 6 35
1 4 90
7 11 61
2 4 80
9 13 14
20 23 20
4 8 21
12 15 74
16 18 96
7 9 13
9 13 98
17 21 40
22 0 11
9 12 15
10 14 38
10 13 79
11 14 58
12 14 72
3 6 15
21 0 1
19 23 82
18 20 35
2 5 68
23 3 89
1 3 25
3 4 31
2 4 51
9 13 6
3 5 56
14 17 94
1 4 4
19 22 59
10 12 16
14 17 5
20 22 39
7 11 15
21 0 92
19 23 98
19 23 89
3 7 41
22 1 22
23 2 49
7 9 81
23 4 44
20 22 95
5 9 28
6 9 60
8 11 10
23 3 20
12 16 79
14 19 47
6 9 26
6 9 5
5 7 1
4 8 52
17 20 90
22 1 22
1 5 95
16 19 75
0 2 22
18 20 54
19 23 34
22 3 57
15 19 99
14 18 79
8 11 20
3 6 6
20 0 43
7 12 27
5 8 80
8 11 97
18 21 48
7 11 48
20 1 56
23 2 97
0 3 35
15 20 86
2 5 11
0 2 3
10 12 10
23 1 35
17 20 67
13 15 69
19 22 50
22 2 17
6 11 72
16 19 72
21 2 79
6 8 6
4 8 62
10 13 82
22 1 1
5 9 43
18 23 14
4 7 24
7 9 83
16 18 52
15 17 34
15 20 12
13 18 19
20 0 82
22 1 61
3 5 85
1 5 3
1 4 1
14 16 22
23 1 12
3 6 25
7 8 13
0 3 37
0 4 24
19 22 91
23 3 41
10 12 93
14 16 68
20 22 32
6 11 54
9 13 79
23 2 2
10 13 81
9 14 93
7 10 96
12 14 63
10 12 14
11 13 32
21 22 43
5 10 36
7 9 2
12 14 51
15 19 74
14 18 93
3 7 60
13 15 70
4 6 31
18 20 34
23 2 40
23 1 39
22 0 48
6 10 27
8 11 21
16 19 25
11 14 91
5 7 6
14 17 71
6 9 78
10 13 2
3 7 33
9 13 45
9 12 56
5 7 72
5 9 28
15 17 48
5 8 4
3 7 25
16 21 87
11 13 3
23 2 38
8 11 61
7 11 78
23 2 26
9 12 54
21 0 65
8 12 79
5 10 26
6 9 32
20 1 15
9 11 6
16 18 70
3 8 16
1 4 27
21 23 76
10 14 56
22 1 55
14 15 30
20 22 92
8 11 4
1 2 63
3 7 10
21 1 63
7 11 20
11 14 50
10 12 26
8 11 36
2 6 54
7 11 75
11 13 20
10 13 98
4 6 3
2 5 12
23 1 60
4 7 54
10 13 5
20 21 39
10 12 91
7 11 4
13 17 16
5 8 89
4 9 78
19 22 15
9 12 100
17 21 74
12 15 67
16 21 11
17 20 13
10 13 7
5 7 10
9 12 93
12 16 51
5 8 82
23 1 84
16 20 31
21 1 68
19 21 48
13 17 68
15 17 53
16 19 78
16 20 9
11 16 57
3 7 6
8 11 59
10 13 79
22 0 96
2 5 77
22 0 39
12 18 8
11 14 36
16 18 12
18 21 41
4 6 20
20 23 46
2 6 14
14 15 54
3 5 100
0 1 61
15 17 2
5 7 8
9 10 39
20 22 59
15 19 91
17 20 30
12 16 84
10 13 12
22 23 43
6 10 82
17 21 49
1 5 43
10 12 71
19 0 93
18 20 2
17 21 97
23 1 93
3 6 9
17 19 1
16 19 55
11 15 86
14 16 45
2 5 1
10 12 64
3 6 20
20 23 94
11 12 83
13 18 44
20 22 42
15 16 90
1 6 14
20 23 73
15 18 78
5 8 86
12 16 59
0 -1 4
2 4 64
14 18 83
15 18 70
16 19 66
17 19 7
16 18 90
5 10 79
13 18 37
6 9 48
12 15 20
1 5 86
15 16 3
16 19 25
4 6 69
11 15 59
3 8 60
19 22 79
14 15 23
4 7 17
5 7 80
14 19 22
23 4 92
14 17 46
3 6 15
14 15 84
9 11 24
5 7 55
20 0 87
16 19 40
9 12 40
8 8 73
17 20 53
0 1 60
15 18 55
13 15 49
10 13 87
10 15 44
19 22 16
11 13 39
17 20 11
7 10 44
17 21 6
12 15 91
1 5 75
20 23 2
11 12 13
7 9 33
16 19 64
20 22 54
3 6 86
18 22 98
3 6 72
16 17 49
5 9 80
7 9 37
9 13 10
8 10 98
8 11 7
18 20 63
21 1 18
1 4 29
5 9 69
18 22 96
21 0 32
13 15 21
4 7 12
23 1 47
21 0 89
6 8 66
5 6 59
18 20 8
19 22 26
10 14 51
1 4 34
0 4 79
7 9 100
1 4 33
0 4 19
15 17 81
0 4 32
4 7 79
6 8 51
4 8 69
19 23 47
14 15 57
10 14 36
9 12 95
11 13 69
2 6 18
11 14 37
15 19 41
16 18 97
0 5 93
11 15 25
18 21 66
9 11 66
11 13 35
18 21 95
4 8 9
21 23 19
14 15 68
2 7 60
7 9 57
19 22 91
5 7 20
18 21 2
23 1 32
1 3 34
7 10 95
22 0 18
18 20 89
17 19 2
22 3 22
9 13 97
17 18 75
22 23 56
11 14 77
12 14 99
13 15 18
3 6 40
7 10 38
14 18 55
8 12 78
17 18 54
14 18 72
0 3 53
11 14 81
14 17 41
4 7 24
20 23 4
11 13 15
10 12 57
4 6 24
5 7 20
5 8 48
20 22 20
23 4 84
5 6 2
8 10 85
1 4 94
23 0 7
20 22 20
2 4 100
20 22 99
9 11 35
0 2 58
10 13 65
5 7 41
6 8 87
16 18 28
22 3 58
8 13 72
21 2 42
6 9 30
10 13 52
17 18 34
7 11 92
2 4 31
22 1 60
3 7 37
7 10 10
5 10 84
1 4 84
12 16 31
12 13 94
12 16 69
20 23 51
4 8 77
3 7 38
17 21 27
20 23 26
1 1 47
14 17 96
12 16 71
16 18 44
21 1 51
2 7 41
1 5 7
0 3 75
19 23 56
13 15 85
18 22 63
6 10 21
17 21 7
13 16 85
23 2 55
19 22 12
14 16 16
9 12 89
16 19 92
4 8 67
3 6 41
6 8 13
18 21 98
10 13 88
8 11 57
9 13 95
6 9 27
0 2 39
14 17 25
6 9 23
13 16 4
1 3 36
7 9 46
14 17 19
23 2 24
14 20 100
22 0 78
23 1 79
4 6 13
3 6 56
23 2 99
20 23 85
19 22 42
13 17 62
18 20 40
23 2 58
16 18 9
19 22 90
19 0 33
20 23 45
14 18 70
22 1 13
9 11 76
4 7 75
3 6 20
2 3 69
8 11 38
10 11 56
6 9 7
15 18 16
4 6 25
9 11 19
15 19 25
15 18 82
15 20 98
6 9 19
11 14 31
23 3 97
17 20 37
6 10 68
7 12 22
14 18 23
14 18 86
13 17 51
17 20 54
8 11 43
4 8 6
6 10 44
11 14 88
21 1 81
9 13 83
2 4 47
16 18 57
1 5 77
19 0 14
7 9 84
9 13 97
7 8 15
9 11 96
21 0 91
7 10 75
14 18 14
10 12 31
10 14 70
16 19 98
4 7 90
1 2 41
12 15 83
20 22 93
1 3 1
14 16 63
13 13 48
1 2 27
8 11 93
3 5 5
21 0 35
2 5 66
9 13 32
10 13 30
19 22 28
22 2 61
2 4 27
0 3 59
5 7 3
20 0 2
17 20 43
13 13 38
9 12 17
16 19 48
21 1 52
9 14 25
7 9 28
7 10 62
22 0 67
6 8 14
12 16 3
0 3 14
6 10 92
19 21 46
17 21 50
14 17 12
10 12 47
17 19 92
9 12 80
2 4 25
9 11 43
14 17 53
14 16 45
13 17 34
8 13 20
7 10 44
0 4 51
5 9 20
13 14 29
6 8 39
0 3 94
2 5 58
17 20 13
18 19 96
2 4 5
6 8 51
16 19 21
15 17 54
3 7 88
6 10 41
17 21 73
3 5 36
9 12 71
14 18 86
1 5 44
9 11 64
12 15 29
9 11 48
4 6 62
22 2 87
17 21 25
8 11 5
12 15 70
1 5 52
11 13 36
15 20 71
11 14 83
8 11 26
23 0 34
20 23 85
10 12 77
11 12 10
2 6 93
1 5 4
23 1 98
5 8 38
17 20 37
22 1 24
19 21 94
20 23 80
6 9 73
11 16 30
23 2 54
21 0 74
21 1 87
8 10 91
22 1 20
19 23 79
13 14 52
10 14 37
2 5 31
14 17 73
15 20 71
15 17 9
7 11 90
8 13 73
9 12 63
3 7 8
20 22 72
20 22 25
17 22 48
8 11 88
3 7 35
13 16 41
14 17 24
22 1 97
8 10 83
0 2 32
22 0 28
22 1 66
8 10 79
10 13 47
5 8 20
16 20 44
19 20 11
14 17 17
11 12 61
11 14 34
1 3 72
3 7 27
8 12 16
1 5 50
2 5 64
14 19 83
17 19 80
14 17 81
9 12 67
9 11 78
23 3 53
21 1 43
4 6 34
9 12 31
12 13 56
9 11 98
16 19 20
5 8 6
14 20 16
16 20 63
0 3 86
0 4 65
16 18 92
11 14 5
14 17 98
15 17 91
11 12 26
23 3 64
23 1 58
9 11 34
18 22 95
3 6 36
1 6 24
2 4 53
7 10 23
19 22 16
20 0 94
16 20 37
3 6 57
23 4 53
5 7 26
10 13 90
3 6 69
10 13 67
6 9 23
6 8 83
22 1 21
15 17 72
21 23 9
22 0 98
19 22 27
21 23 26
4 7 33
13 16 32
19 22 12
6 7 49
4 6 55
2 4 29
14 19 93
19 23 28
23 2 3
15 18 2
0 4 40
12 15 56
1 5 8
8 10 1
16 20 52
15 17 79
16 19 46
18 22 64
21 0 53
14 19 64
5 7 4
3 6 36
15 19 44
22 0 90
1 4 3
14 16 68
17 20 61
23 2 81
6 8 27
4 7 76
17 20 62
9 11 79
13 15 24
16 19 6
12 16 73
0 3 33
0 4 9
17 20 9
16 18 38
1 3 10
13 18 41
17 21 74
8 11 72
13 17 19
8 12 54
4 6 67
12 16 38
19 23 76
1 3 9
16 19 75
5 7 46
13 15 54
10 15 21
1 5 43
8 10 18
18 21 44
1 2 61
7 12 54
9 12 93
19 21 49
20 23 99
15 17 9
8 12 19
8 12 15
6 9 45
14 16 46
2 4 94
5 8 12
7 9 4
13 15 11
15 17 30
21 1 82
14 18 76
1 5 78
11 12 86
14 16 87
15 17 10
15 17 64
23 2 60
0 1 24
3 6 53
10 14 93
9 11 19
2 5 27
0 1 70
2 6 24
17 21 73
16 17 34
9 10 99
22 0 53
18 23 79
13 17 60
1 2 50
17 20 56
10 12 69
23 1 64
13 16 29
18 21 47
4 6 97
7 9 64
7 12 32
15 19 52
7 10 20
9 11 47
10 13 43
2 7 55
20 0 13
4 6 98
22 2 22
6 8 97
6 7 72
7 10 41
2 5 77
9 12 65
14 18 7
23 3 27
20 22 93
8 10 29
14 17 14
6 8 86
4 6 18
13 14 85
4 7 78
0 3 51
23 4 46
9 11 23
8 12 30
21 0 98
15 16 71
17 20 17
20 1 86
22 0 79
12 13 44
20 0 20
11 12 37
1 2 20
0 2 25
18 19 37
16 20 81
1 4 99
11 14 21
23 2 47
15 18 58
8 12 13
6 10 44
3 5 85
3 5 97
6 11 63
9 12 50
15 18 48
11 14 2
16 20 24
9 11 34
6 10 91
6 11 37
5 10 88
14 16 61
18 21 20
17 20 20
8 9 34
18 22 45
5 9 4
6 9 10
19 23 14
12 14 64
14 18 71
20 22 45
17 21 36
22 1 35
14 17 26
21 1 97
2 5 97
9 11 80
23 2 25
11 13 67
6 8 52
15 19 54
20 0 15
21 0 89
9 12 19
6 9 71
20 0 96
4 7 67
1 4 11
11 14 15
18 21 42
2 5 29
11 15 26
11 14 22
11 14 19
20 1 1
3 6 6
9 13 84
22 1 1
20 1 81
9 14 19
7 11 70
19 22 11
17 19 21
8 10 33
12 14 30
22 4 20
3 6 17
4 6 19
19 23 29
7 10 55
14 17 47
17 19 82
23 3 86
6 8 62
2 4 100
23 2 78
15 19 40
19 21 6
16 19 61
15 18 72
7 11 93
2 4 57
5 8 29
21 0 46
13 16 94
16 19 13
17 19 20
15 19 36
22 0 35
12 15 1
5 7 58
18 20 75
19 20 37
11 15 10
22 2 58
16 17 94
9 13 14
1 3 99
2 6 93
2 6 45
13 15 84
20 23 94
14 19 100
22 1 79
9 14 62
4 8 34
12 12 8
5 7 87
8 11 10
2 3 3
10 13 60
10 14 97
7 11 76
4 7 53
18 21 33
12 16 99
19 23 32
1 5 100
17 19 20
9 13 49
11 15 87
17 19 57
22 0 34
20 23 70
8 12 99
20 23 77
14 17 62
5 9 20
0 2 80
10 14 33
13 16 78
0 3 90
10 11 73
0 4 58
4 7 35
20 2 46
2 7 92
9 12 23
10 13 65
21 1 49
22 1 78
12 19 39
19 22 86
8 10 30
20 23 62
8 11 10
0 2 42
20 2 5
15 17 65
3 7 43
17 21 60
14 16 97
13 17 9
7 8 32
23 0 63
8 9 40
4 8 49
5 8 56
5 9 1
13 15 66
23 2 97
8 12 59
19 22 36
20 23 8
0 4 38
20 23 17
23 2 37
13 17 59
5 7 80
9 12 58
10 12 96
21 22 95
8 12 6
19 22 21
5 8 42
14 17 57
13 15 95
4 5 57
12 17 45
15 17 56
0 4 43
4 6 5
23 2 88
1 6 33
10 12 72
19 23 71
19 22 32
19 21 88
2 5 72
2 6 81
17 20 53
22 0 56
14 17 48
15 18 21
2 4 57
13 16 84
22 0 35
6 8 85
22 1 12
18 22 71
14 17 62
13 17 15
5 10 63
2 5 73
18 21 44
4 8 68
7 10 52
10 12 96
21 23 74
14 16 40
9 13 77
14 18 28
8 11 95
18 20 14
0 3 21
3 6 71
17 21 100
2 5 12
13 16 4
4 8 17
17 20 67
5 6 21
7 10 79
18 21 16
4 7 69
2 6 55
11 15 33
14 18 100
13 18 45
16 19 55
1 3 20
10 13 35
19 22 46
16 18 60
18 20 46
12 15 60
2 5 56
20 23 23
14 18 40
14 17 56
10 12 52
7 9 27
2 5 49
17 19 86
6 9 2
5 7 84
2 5 24
18 22 82
22 22 79
18 21 78
8 10 26
4 7 39
6 9 34
19 0 92
0 3 60
3 7 70
6 11 60
5 7 99
12 14 58
5 7 9
23 1 26
17 20 11
4 7 1
8 13 21
13 15 32
16 19 72
0 1 27
5 7 20
10 10 33
15 18 56
21 0 5
15 19 70
9 12 34
10 11 40
14 18 44
8 10 40
4 8 35
0 4 33
6 8 29
23 1 81
12 15 32
17 19 85
10 13 77
13 17 69
13 15 63
0 4 26
0 4 38
5 9 1
13 16 64
6 9 78
9 12 52
14 17 60
18 23 87
10 12 90
17 17 58
19 20 22
9 13 32
17 20 23
15 18 95
11 13 57
8 12 88
9 13 53
14 15 36
23 3 49
6 7 90
23 2 47
18 22 59
16 20 33
8 11 30
19 22 84
14 17 84
3 6 84
10 10 9
6 10 11
20 20 25
17 21 68
20 22 86
2 5 28
8 10 90
2 5 27
13 16 68
18 20 64
7 13 45
8 10 44
14 16 79
7 10 44
7 11 32
19 23 30
4 7 86
0 4 40
11 14 58
22 0 76
7 10 25
20 23 91
9 11 78
18 22 91
2 5 50
8 12 57
0 4 10
20 1 31
20 23 41
3 5 79
12 14 43
19 22 42
14 17 51
14 17 54
8 11 68
4 7 18
18 21 40
2 5 59
15 17 76
8 12 11
15 18 48
15 17 3
16 17 76
22 1 29
19 22 20
14 15 54
22 23 38
15 17 94
7 12 45
11 13 10
0 1 46
11 17 3
6 9 5
17 20 14
20 0 58
6 9 4
18 22 96
14 17 94
23 3 67
23 1 59
5 9 7
18 21 28
22 2 16
22 1 89
13 15 12
15 18 64
7 10 34
21 23 22
15 18 2
13 14 1
10 12 45
3 4 12
19 23 8
19 23 16
22 2 6
12 16 80
9 12 11
14 17 55
3 7 77
6 9 30
17 19 26
22 3 87
14 16 91
9 11 91
4 8 93
16 19 5
18 22 20
7 10 21
4 7 38
6 8 19
5 8 89
19 20 8
13 15 21
18 21 1
17 19 7
7 9 29
0 2 90
0 3 40
6 9 10
19 23 15
20 23 18
12 17 19
3 6 41
22 23 84
23 1 20
3 7 15
15 19 35
22 0 70
1 5 7
22 2 51
2 4 74
20 23 30
7 10 78
20 23 10
8 12 80
5 8 9
21 1 79
19 20 17
13 15 84
18 22 43
3 6 23
5 8 85
9 14 5
6 10 10
2 4 86
14 18 89
4 7 48
8 11 29
23 3 35
2 5 85
6 9 10
0 5 26
9 11 30
5 8 70
8 11 3
12 15 4
14 17 33
20 22 79
15 19 93
21 0 12
7 9 14
11 15 77
11 14 3
9 10 30
17 21 56
16 20 81
16 20 77
22 1 10
17 20 78
7 10 48
19 21 2
19 23 89
10 13 59
0 2 18
23 2 53
19 22 95
0 3 70
4 5 83
22 0 45
10 12 49
5 8 62
23 2 9
21 1 15
23 2 81
0 4 54
17 20 52
22 1 50
21 0 45
4 6 35
13 16 19
10 14 69
21 0 98
7 9 71
19 22 74
16 20 93
12 16 32
18 20 41
20 22 91
21 0 55
7 10 48
17 21 14
18 22 77
21 1 31
22 2 17
7 12 30
5 11 60
3 7 60
21 2 86
17 20 93
21 2 85
5 6 70
17 21 17
19 22 67
8 11 58
10 12 94
9 11 48
6 10 63
19 22 77
3 6 72
7 11 23
14 15 27
7 9 98
14 17 16
12 16 80
12 15 52
21 2 89
9 11 90
10 14 14
22 1 58
5 10 8
2 5 58
1 4 60
5 8 69
10 13 56
1 8 5
15 18 6
16 20 29
6 9 32
19 22 39
16 21 76
18 22 4
11 14 20
13 16 14
0 2 38
9 11 85
4 7 12
22 3 95
23 0 89
11 15 63
15 18 10
15 19 70
4 7 54
9 13 95
2 3 34
9 11 1
6 8 53
18 22 95
19 22 68
10 12 2
22 0 1
1 5 65
18 20 89
1 5 28
21 1 86
8 11 3
1 4 82
5 10 91
1 4 3
20 22 45
3 6 70
7 12 69
19 22 89
21 0 29
9 12 47
19 22 67
22 2 20
8 12 45
11 13 90
22 0 64
20 23 69
17 22 41
0 2 81
9 11 28
15 18 63
22 1 7
3 6 37
14 16 18
21 1 88
11 13 64
10 11 55
18 21 11
10 12 1
23 2 1
18 23 66
23 3 12
12 15 42
23 1 2
2 6 84
23 2 49
16 19 55
14 15 98
13 17 39
20 22 8
5 8 20
14 17 23
21 1 92
7 9 12
13 16 77
17 19 42
18 20 99
16 18 100
9 13 87
11 12 78
1 6 70
18 22 68
7 10 44
12 14 65
11 15 82
4 6 43
16 17 99
17 19 56
16 19 60
9 13 8
16 20 62
4 8 45
17 19 95
15 18 72
14 17 6
9 9 49
0 2 3
14 19 67
21 1 71
16 18 2
19 22 39
17 19 23
9 12 15
13 15 44
7 11 24
8 11 67
3 5 6
21 1 68
0 2 51
19 23 53
21 0 83
2 7 92
17 21 49
5 9 83
5 7 31
19 21 31
6 9 70
22 0 78
6 9 20
7 8 41
12 16 47
13 17 69
8 11 3
23 1 62
0 4 33
10 14 71
10 13 24
14 16 95
14 19 9
14 16 94
12 15 61
0 3 24
20 22 78
4 8 69
5 8 96
13 16 7
0 4 41
19 20 15
3 6 3
22 0 49
9 11 26
13 17 22
11 14 83
7 11 47
22 0 46
2 4 82
22 0 51
7 11 72
0 3 64
16 19 89
8 13 25
1 3 55
22 0 41
20 23 64
19 22 30
8 11 85
22 0 75
18 22 50
6 8 83
14 16 49
11 13 93
15 18 21
4 5 11
14 18 28
3 6 85
20 23 71
12 15 5
9 12 56
2 6 94
15 18 17
18 21 4
15 18 86
6 10 73
0 2 90
4 6 38
11 15 14
16 19 52
12 15 91
3 5 65
18 21 54
18 21 92
11 15 26
8 7 32
12 15 65
21 2 14
16 19 71
10 13 3
15 18 40
13 16 60
0 4 70
22 1 80
19 21 24
18 22 83
2 4 46
7 9 13
12 15 79
2 5 12
12 15 22
1 3 50
20 22 92
6 10 11
16 18 3
12 16 89
19 23 39
8 11 9
15 20 82
21 22 12
14 19 49
12 14 87
2 6 97
12 13 96
8 11 51
1 3 76
3 6 65
22 1 39
18 21 94
4 6 88
2 7 52
2 4 99
16 17 100
23 2 18
6 11 80
22 2 74
19 22 31
4 7 61
13 16 73
9 13 11
0 4 65
7 11 45
12 17 97
23 2 78
18 19 68
6 12 8
16 19 35
6 9 79
15 20 55
8 11 35
18 23 32
6 9 63
16 18 39
20 23 26
16 19 13
5 8 87
18 20 45
5 7 23
3 6 58
15 19 17
13 16 13
13 16 11
6 9 75
11 14 44
16 20 88
1 4 96
5 8 18
9 12 28
8 11 96
5 8 88
20 1 40
22 1 23
15 17 67
16 21 16
6 11 23
2 3 81
20 23 77
3 4 24
21 0 63
16 19 94
9 12 96
11 15 69
15 18 42
18 20 7
13 16 92
16 19 73
23 3 83
17 21 82
18 19 99
15 20 53
1 5 18
5 7 66
16 20 81
1 4 37
20 22 62
23 2 22
3 7 28
17 19 6
14 16 25
5 9 14
3 5 96
5 11 41
10 13 9
11 15 43
1 5 48
18 20 75
16 20 84
19 23 78
11 14 87
15 17 80
11 15 61
5 10 41
13 17 24
22 2 16
23 2 34
11 13 30
4 8 100
3 6 39
15 19 9
3 5 93
20 21 46
0 2 54
19 23 2
5 10 56
1 4 51
4 8 54
18 21 21
2 5 96
6 9 89
21 22 84
17 21 62
15 19 11
2 4 82
11 14 50
9 13 23
6 11 45
0 4 100
4 8 61
8 11 79
17 20 22
20 23 29
11 15 30
20 23 100
1 5 63
3 6 42
0 1 49
11 13 58
7 9 86
7 9 61
8 10 81
19 21 63
19 22 14
18 22 9
19 22 64
7 8 77
23 3 42
15 17 100
12 15 74
10 12 13
12 12 22
2 6 28
21 0 44
9 12 80
12 14 97
6 9 68
8 11 63
16 20 19
8 11 84
7 9 62
8 12 22
22 2 83
1 4 69
18 22 6
18 21 52
8 13 91
20 23 27
4 8 71
13 16 60
10 13 27
13 15 91
2 4 53
1 4 96
12 18 4
14 17 61
13 16 30
22 1 63
9 11 88
20 1 59
8 12 48
18 22 33
4 8 84
5 8 85
3 6 43
22 0 50
22 0 72
21 0 32
8 11 3
4 8 13
5 7 62
0 4 92
8 11 31
12 13 89
5 9 35
10 14 54
2 5 50
4 6 46
0 2 35
21 1 87
2 5 17
21 2 8
1 4 95
20 22 71
10 13 2
5 7 71
3 6 56
12 16 98
17 20 100
10 14 73
4 7 84
22 0 70
11 14 73
11 14 67
13 15 95
12 14 2
9 12 1
23 1 90
4 7 61
16 20 17
9 11 52
9 12 23
2 5 85
21 2 71
17 22 27
23 1 35
4 7 42
7 11 3
6 7 6
18 20 88
20 0 59
9 12 20
18 20 34
8 12 77
18 23 28
1 4 88
15 18 81
19 22 72
19 21 94
0 3 67
6 10 50
1 5 24
19 23 84
4 7 97
13 16 82
18 20 27
21 23 56
9 13 61
17 19 49
14 17 59
12 15 98
13 17 34
4 7 3
11 14 37
13 16 57
23 3 56
19 21 95
7 8 50
4 8 14
0 4 42
0 2 7
20 0 29
7 10 28
8 11 73
15 17 72
2 6 35
15 18 99
23 2 85
14 18 18
7 11 82
21 0 36
22 1 10
16 20 73
12 16 66
11 14 25
22 1 23
10 12 47
6 7 81
7 9 52
5 7 100
15 19 99
14 18 99
17 22 43
16 19 3
16 19 38
19 22 5
1 4 94
0 3 76
3 4 68
1 3 5
17 21 23
15 19 84
5 8 42
7 11 22
20 1 58
12 16 14
23 1 90
14 17 23
11 14 57
20 0 89
12 16 27
8 11 48
7 10 93
12 14 67
17 18 82
14 17 85
7 11 62
7 10 21
20 0 84
5 10 36
20 22 65
3 6 73
19 23 62
5 8 40
15 17 97
11 15 83
11 15 21
18 22 98
22 2 28
17 19 99
12 15 18
21 23 31
22 1 20
2 5 27
16 19 99
23 2 62
18 21 44
18 22 78
6 10 27
16 17 23
9 15 75
8 12 37
4 8 98
23 3 6
6 11 82
8 11 78
11 15 55
13 16 64
19 21 51
10 14 14
0 4 2
7 9 5
19 22 58
17 20 53
11 14 69
0 3 23
20 23 65
1 5 29
4 6 23
1 5 48
23 2 64
12 14 71
11 15 58
18 21 37
9 12 66
19 23 16
2 6 62
6 9 59
9 13 74
16 19 59
12 17 73
9 13 5
4 8 3
18 23 70
8 10 18
4 6 3
14 16 5
21 1 27
17 20 43
3 5 48
23 2 84
2 5 28
8 13 57
5 8 63
5 8 89
6 8 93
5 9 64
17 21 28
15 18 98
9 12 81
12 15 40
13 15 1
8 9 93
4 7 59
17 19 83
17 20 37
4 7 26
18 21 24
7 11 44
12 15 23
15 17 78
19 22 4
14 15 43
5 8 67
1 5 57
2 4 11
3 5 50
14 17 90
2 3 65
4 5 18
0 3 22
6 10 52
13 15 47
13 16 23
21 0 12
23 1 24
8 12 75
13 15 42
9 14 44
1 4 63
21 2 52
14 16 44
6 10 72
15 18 65
12 16 16
3 7 48
12 15 28
16 19 58
21 0 44
7 9 16
9 13 8
12 18 9
15 17 89
12 15 26
18 20 15
5 7 73
11 14 14
3 6 69
16 19 70
14 16 95
9 14 93
21 1 95
11 13 42
1 4 44
4 8 6
17 21 50
19 22 40
5 8 89
23 1 90
4 8 48
6 10 20
10 14 62
21 21 96
8 10 28
12 14 16
8 10 64
12 16 37
12 15 79
8 11 24
13 16 99
7 10 23
12 14 68
8 10 25
3 6 64
16 18 87
3 7 68
23 2 39
1 3 52
6 8 53
7 10 69
21 0 17
3 5 58
11 16 79
15 18 70
0 3 48
15 19 70
1 2 62
22 2 86
21 0 14
20 23 26
9 10 27
16 19 68
9 12 62
0 3 89
21 1 72
3 5 13
14 17 99
16 20 24
2 4 18
5 7 78
10 13 51
14 17 15
9 11 68
2 4 62
1 4 58
17 21 100
5 7 54
9 11 71
23 2 13
3 8 20
20 0 93
3 6 4
1 4 30
15 18 43
9 13 32
12 16 14
15 17 87
10 12 23
6 9 15
14 18 33
10 12 43
6 9 43
15 18 84
9 12 46
17 20 2
14 18 41
22 2 72
0 4 57
8 12 72
18 22 41
14 17 42
23 2 10
18 21 51
18 21 77
21 0 88
17 18 94
21 0 22
10 11 15
9 11 88
23 2 43
3 7 7
21 0 80
18 21 57
14 15 69
10 13 45
3 6 30
8 11 63
13 15 65
6 9 95
13 16 9
1 5 88
18 21 40
14 15 65
20 23 61
21 1 39
4 6 28
4 7 28
1 6 100
10 13 96
13 18 10
12 16 15
20 1 22
1 2 38
4 8 99
9 13 88
4 7 79
22 1 50
7 10 72
11 15 98
23 1 33
4 7 86
20 0 74
23 2 60
16 18 75
8 9 17
12 14 93
21 0 1
11 15 79
10 12 90
4 7 77
5 7 80
21 1 43
14 18 85
11 12 83
18 21 96
4 7 78
20 23 27
8 11 39
14 15 64
12 16 91
13 16 90
4 7 62
19 22 68
16 20 93
2 5 57
22 0 29
7 8 81
22 23 32
16 20 77
12 14 73
4 8 41
16 18 91
19 23 39
17 20 2
23 2 91
4 7 36
16 20 11
13 17 45
16 18 20
16 19 74
10 15 74
4 9 26
6 12 10
13 16 53
18 21 1
19 23 34
13 16 2
15 18 21
17 18 67
21 0 58
13 16 25
10 12 36
15 17 43
3 6 86
13 16 7
3 7 89
19 21 28
5 8 78
10 12 76
13 16 70
23 2 79
2 5 9
16 20 6
12 16 77
13 15 53
10 12 55
3 7 29
15 19 26
13 16 43
8 12 5
13 15 74
23 1 29
14 19 70
23 2 2
2 6 31
4 6 75
0 2 8
13 16 54
16 18 4
20 23 43
13 17 11
11 15 65
6 8 12
7 11 98
6 8 2
7 8 51
13 16 62
12 13 74
0 3 36
0 4 58
1 2 84
7 8 17
3 5 95
17 22 11
8 10 16
23 1 34
17 18 59
17 20 43
17 20 48
19 23 63
18 23 26
9 11 72
17 19 60
10 15 22
0 3 66
13 17 30
19 23 79
21 1 28
10 14 1
14 16 24
17 19 3
1 5 38
6 10 62
8 11 99
5 7 34
23 2 35
15 19 90
15 18 83
13 16 81
12 16 27
10 13 66
4 8 56
13 16 58
14 15 16
18 21 45
20 22 34
21 0 13
2 4 66
12 16 21
20 21 77
3 8 42
4 7 86
6 8 46
2 5 2
8 11 39
13 16 27
12 15 65
9 13 70
2 6 62
8 11 6
20 1 74
13 16 67
5 8 53
7 10 54
5 8 73
8 11 12
3 6 54
21 1 47
0 4 86
23 0 22
17 20 50
14 18 49
1 4 98
3 5 23
0 2 51
20 22 7
23 2 58
8 12 12
7 10 37
6 10 55
2 6 33
17 21 11
18 18 82
9 12 12
21 0 2
12 16 83
3 7 12
22 1 93
8 12 86
18 21 1
15 17 17
22 22 9
5 7 40
8 10 47
7 9 41
18 20 100
4 7 1
6 8 20
7 11 44
16 19 88
15 18 76
7 8 77
6 9 73
22 2 66
19 23 46
20 21 95
4 6 44
17 20 40
8 12 1
21 1 46
23 3 18
23 3 8
2 5 4
3 6 84
17 20 36
11 14 52
21 23 20
20 0 6
4 6 16
18 20 12
3 5 29
13 17 73
18 19 69
21 0 48
14 19 28
21 0 99
18 21 36
9 12 61
12 14 94
1 4 96
9 13 13
21 2 39
6 9 52
23 2 16
12 14 33
7 9 58
15 19 37
14 15 86
1 3 39
4 7 62
12 13 3
17 21 86
5 7 79
5 8 37
15 19 34
5 8 43
0 3 65
7 10 82
15 19 24
11 13 16
7 10 6
2 6 5
0 3 3
18 20 13
23 2 68
14 15 20
16 18 7
9 12 12
7 9 74
18 21 54
10 13 63
23 3 15
8 11 100
22 0 21
17 20 75
23 0 9
22 1 58
19 22 44
12 14 50
12 17 8
18 19 11
18 21 100
3 6 91
16 18 99
7 9 15
12 14 1
12 16 76
12 15 21
6 9 67
10 13 80
15 19 49
4 7 16
20 23 68
5 8 17
22 2 12
7 11 69
17 19 36
5 8 14
20 23 26
17 20 55
21 0 30
7 9 84
21 23 68
5 7 35
6 8 22
23 2 42
13 17 13
12 17 26
23 2 8
7 11 92
7 9 62
21 1 50
1 4 66
8 9 27
18 20 97
1 3 37
12 15 17
21 2 73
22 2 56
22 1 30
2 6 60
22 2 91
0 4 90
5 7 40
5 10 41
16 20 95
7 11 54
13 15 30
16 19 63
8 10 53
2 5 26
8 10 2
19 23 64
13 17 16
1 5 49
7 9 55
4 8 76
23 3 81
23 0 29
2 5 97
5 8 88
3 5 38
12 13 100
0 3 17
1 5 81
18 21 43
12 15 63
13 17 53
20 23 35
12 14 90
18 20 2
0 3 48
7 9 97
10 15 55
5 5 38
20 23 11
9 13 38
21 1 48
22 0 14
2 5 9
20 0 29
16 18 63
5 8 38
16 19 44
20 22 46
18 21 49
18 21 81
15 16 55
23 2 95
5 9 42
0 3 80
4 7 98
21 23 70
7 9 36
15 18 90
13 15 61
15 18 77
5 7 98
6 8 68
17 20 53
21 0 86
10 14 53
15 17 27
9 11 4
19 0 86
9 14 20
23 3 72
20 0 51
3 7 13
22 0 93
18 21 79
5 8 34
4 8 80
6 10 37
12 14 74
20 0 77
13 17 47
5 7 38
13 15 22
6 9 7
20 22 78
2 5 53
18 22 70
7 11 92
6 10 20
15 19 39
23 3 53
23 0 75
1 3 91
14 18 83
15 19 49
18 21 100
13 17 10
23 1 27
11 13 42
17 21 35
19 22 10
23 1 95
18 22 5
2 6 74
4 8 15
5 8 39
17 19 99
16 19 90
5 9 49
2 4 81
2 5 4
19 21 99
15 20 23
22 2 12
20 23 23
12 14 83
23 2 25
4 7 61
18 22 46
7 10 39
17 18 59
2 5 68
8 12 76
2 6 5
6 8 99
2 4 41
0 4 96
5 8 96
18 22 9
16 19 1
2 7 36
17 19 20
5 10 75
3 5 48
3 6 50
16 19 96
15 18 48
23 1 21
19 23 11
11 15 83
3 6 32
14 19 96
1 3 43
9 12 60
22 2 40
5 8 34
6 8 2
8 11 53
11 15 87
1 5 99
7 11 40
21 22 48
1 5 31
14 16 10
10 13 61
9 11 38
1 5 50
0 5 46
18 22 92
2 4 52
16 20 15
15 17 71
12 15 49
8 10 31
23 3 1
13 16 69
7 10 68
12 16 39
2 3 33
12 17 66
8 12 67
2 4 25
22 2 79
0 4 25
7 8 1
12 14 56
3 6 65
7 13 74
19 22 83
2 4 15
11 12 80
1 4 13
20 0 71
18 20 12
14 16 31
15 17 10
5 6 61
22 2 32
5 8 88
15 19 40
6 8 78
5 8 52
6 8 89
14 16 35
0 2 30
1 5 51
17 19 60
3 6 88
4 6 48
1 5 66
11 14 79
14 19 13
21 0 29
5 8 5
0 3 36
4 7 91
18 21 48
1 4 26
13 17 51
8 10 55
22 1 20
8 11 58
22 0 2
2 6 79
16 19 1
3 7 92
16 19 85
19 0 21
13 17 56
3 5 96
18 21 95
14 18 93
5 7 48
16 20 71
13 14 87
10 13 16
2 5 64
1 4 71
17 19 4
17 19 78
7 10 29
5 9 34
23 3 55
18 21 93
17 19 74
1 4 73
7 10 72
2 4 77
0 4 59
14 16 19
16 18 58
7 9 50
7 10 88
3 7 7
2 7 71
17 20 23
0 4 78
13 16 10
23 2 52
10 13 21
6 9 89
2 5 69
2 5 95
17 21 16
3 6 82
3 5 77
4 8 92
4 7 11
19 21 5
3 6 84
23 2 81
8 11 65
15 20 50
16 20 10
10 13 52
2 3 53
11 14 52
12 14 93
13 17 72
12 16 30
19 21 63
5 9 13
10 13 64
0 2 41
4 7 3
3 6 83
6 11 49
14 15 21
21 0 76
3 5 10
21 2 96
23 1 80
4 5 99
14 18 17
16 20 14
23 4 30
9 12 49
10 13 56
23 3 42
16 18 85
7 11 32
13 16 73
23 3 21
10 12 5
10 13 41
15 19 21
1 5 17
3 6 49
7 10 12
8 11 30
5 7 85
22 1 77
18 21 61
2 4 97
1 5 95
23 2 83
16 19 94
18 21 24
18 20 85
18 23 22
17 21 22
16 20 64
17 20 89
21 0 80
21 0 26
18 21 76
23 2 45
5 8 41
8 10 64
13 15 51
19 0 48
7 11 79
16 18 10
19 21 41
3 7 47
0 3 57
20 23 43
22 1 55
18 21 60
6 8 45
18 22 84
7 10 77
5 7 93
5 6 28
21 2 78
6 7 80
0 3 95
6 9 93
9 12 32
21 0 92
19 21 71
17 20 18
6 8 62
8 10 6
0 2 98
23 1 85
18 21 60
15 19 18
14 18 25
9 13 4
18 21 45
19 22 41
8 11 59
22 0 86
6 9 15
16 20 95
19 23 10
16 19 13
14 17 95
0 4 59
0 4 67
0 1 77
3 6 61
8 11 47
1 3 21
7 11 83
17 19 22
3 5 51
7 11 55
19 22 28
10 14 94
22 23 79
14 17 34
19 22 95
7 11 94
15 18 34
2 6 7
13 17 95
16 17 55
16 19 86
17 19 55
8 12 24
10 12 11
22 2 11
12 15 54
2 5 43
4 6 9
1 3 37
7 10 9
14 17 17
10 13 1
21 22 66
18 21 16
11 15 28
23 2 55
0 5 44
10 13 31
15 19 11
2 4 36
10 15 74
2 4 26
13 16 31
19 22 64
15 17 32
13 14 26
1 4 45
12 15 13
0 2 94
1 4 40
12 16 70
22 2 28
16 19 100
10 13 2
17 22 48
22 0 93
14 17 83
12 16 31
2 5 46
16 19 37
11 14 16
2 4 5
15 18 60
2 6 47
14 16 59
8 13 86
9 11 45
10 12 54
0 4 65
8 12 80
12 16 89
0 4 83
6 10 32
23 0 53
3 6 64
5 8 99
16 20 49
10 12 33
13 16 75
21 0 47
11 13 48
2 6 4
10 12 51
7 10 69
13 17 44
8 11 58
6 8 40
0 4 38
4 6 90
20 23 75
15 17 92
9 12 84
9 13 55
8 9 76
17 18 11
21 1 94
12 15 78
10 12 78
14 15 16
16 19 73
20 22 21
14 18 82
4 7 35
9 12 95
10 13 88
9 12 80
19 23 87
11 12 85
16 19 83
2 4 32
10 12 88
10 12 9
19 22 41
2 6 66
8 12 93
5 8 30
4 7 5
5 8 27
4 7 100
5 10 1
9 13 30
20 22 82
21 3 100
2 5 66
8 10 96
22 1 84
23 2 6
7 9 81
9 12 43
16 19 53
8 10 78
1 4 25
12 15 14
7 12 77
23 2 89
9 12 11
1 3 36
11 14 23
20 22 21
7 10 43
0 5 99
11 15 40
23 2 39
13 16 97
13 15 56
22 2 5
23 1 41
10 12 32
16 20 31
11 12 6
1 4 51
7 10 85
22 1 44
19 0 55
19 0 91
9 12 84
8 10 94
12 14 37
5 8 24
18 22 27
23 2 16
19 22 12
0 4 80
16 20 65
17 18 84
19 21 20
22 23 66
14 15 74
4 8 13
14 16 9
14 15 46
9 13 97
23 3 9
4 9 71
4 7 68
21 0 94
8 11 6
12 16 98
3 6 73
15 18 49
4 7 51
6 7 5
8 11 96
2 6 56
10 13 68
5 9 65
19 23 11
11 12 11
3 6 77
19 20 73
7 8 63
22 0 51
21 1 95
22 1 32
5 7 50
18 22 78
0 3 79
21 23 19
1 6 97
2 4 16
2 6 79
20 0 45
13 15 65
12 14 11
23 2 75
0 3 54
11 14 51
2 5 34
17 19 39
23 4 77
15 18 91
14 19 78
4 6 42
17 19 43
11 14 17
13 15 100
15 18 18
22 1 78
5 7 56
7 11 76
3 6 73
1 5 100
9 12 81
19 22 93
6 10 68
20 0 98
11 12 91
11 15 72
11 13 2
22 1 5
5 9 16
3 5 49
3 5 67
18 21 90
10 12 43
22 1 1
20 23 49
14 16 23
2 2 83
15 19 66
10 12 31
11 15 21
0 3 81
14 16 95
5 7 29
23 4 74
17 20 14
20 23 86
0 4 71
9 11 53
9 12 60
1 3 1
13 16 51
23 0 65
22 1 58
14 16 76
4 7 34
12 15 76
10 15 73
21 0 37
20 22 37
9 10 23
13 15 57
12 14 32
8 12 81
5 9 81
22 0 47
6 10 58
8 12 11
4 4 100
19 22 42
23 2 69
3 5 50
12 16 27
6 9 77
16 19 33
15 18 10
21 1 2
22 0 79
1 2 30
12 14 8
18 23 58
21 2 82
16 18 46
9 12 31
21 2 23
16 18 71
23 1 75
8 10 99
19 23 54
19 22 91
17 19 60
1 3 66
21 23 41
21 2 73
23 2 59
13 16 83
2 5 70
14 16 70
9 11 17
1 4 9
7 10 47
18 20 51
11 13 100
16 20 6
0 4 98
15 17 2
17 18 67
4 5 52
23 1 3
16 19 54
23 1 95
16 20 18
4 7 58
22 0 71
23 3 71
17 19 50
20 22 43
5 9 94
17 19 30
9 12 4
15 17 73
2 4 33
8 10 80
6 9 91
12 15 15
10 15 77
5 7 53
15 18 13
19 23 14
9 13 77
2 6 8
13 15 33
11 14 98
8 12 65
12 15 18
4 7 98
18 21 49
3 6 51
11 15 5
7 8 42
2 6 70
8 10 51
0 4 99
8 11 69
15 18 76
20 22 46
6 9 18
3 7 24
20 23 79
12 17 30
14 18 42
0 3 57
7 10 32
5 7 89
8 9 24
10 13 63
22 1 47
2 6 50
8 11 43
18 20 28
8 10 38
15 18 6
20 21 41
2 5 4
10 13 49
1 4 84
2 7 29
22 2 78
16 20 91
14 17 75
15 17 81
23 0 58
0 4 52
23 1 37
19 20 71
13 16 73
10 12 87
19 21 11
13 16 93
10 14 46
7 11 7
17 20 21
20 23 56
8 12 27
20 21 79
12 13 55
18 21 38
23 3 92
13 16 9
10 13 68
0 2 68
6 9 14
5 9 70
23 1 3
3 6 58
2 5 60
11 14 70
20 23 78
21 0 48
11 14 89
11 12 89
7 9 10
14 17 1
5 8 51
14 18 3
0 2 29
14 18 71
19 23 18
11 12 31
0 1 10
21 23 88
10 14 90
11 14 14
6 9 1
18 20 54
17 19 1
15 18 47
2 6 13
4 6 12
0 2 68
9 12 55
18 22 89
3 6 66
9 11 31
22 3 76
3 6 17
18 21 68
4 7 61
13 15 30
20 22 99
20 23 48
3 6 100
1 2 23
9 13 11
1 5 54
13 16 72
19 23 46
5 7 92
5 8 53
20 22 96
23 1 12
6 7 85
7 10 74
19 21 18
18 21 31
11 15 46
7 8 51
4 7 54
2 5 25
8 11 90
7 9 34
15 18 58
3 6 33
12 15 68
9 12 69
18 20 89
3 6 41
16 20 26
20 23 59
11 14 6
1 4 8
9 12 93
15 17 29
8 10 52
7 12 49
9 9 49
22 2 58
1 4 19
23 2 22
6 9 90
18 20 16
21 0 30
6 8 72
21 23 26
16 18 30
9 12 83
23 3 48
6 10 60
17 19 21
7 11 88
21 0 18
20 22 48
23 2 84
6 8 71
20 0 83
6 9 57
20 23 60
10 13 1
14 16 43
20 23 5
22 1 18
9 13 13
16 19 78
14 18 96
23 1 93
5 8 32
7 10 77
11 12 35
18 18 48
5 8 99
14 16 47
16 19 32
20 23 56
22 1 33
9 11 43
10 12 5
4 6 5
8 12 94
7 10 45
20 1 35
1 4 79
11 14 89
14 16 49
14 16 70
11 15 75
16 19 38
14 16 36
2 3 71
17 21 94
8 11 41
22 0 18
21 22 88
8 11 81
5 7 55
18 21 50
11 15 77
21 0 24
8 11 99
11 14 22
19 23 14
3 8 33
22 2 45
0 3 56
14 17 51
0 4 19
19 22 10
10 12 63
21 0 97
20 2 1
19 22 21
3 4 46
7 10 59
14 17 38
2 5 19
6 10 32
2 3 47
11 16 31
14 17 99
0 3 68
4 8 84
8 10 67
19 22 82
2 5 46
5 8 82
22 2 2
11 15 56
17 21 13
3 6 65
11 14 32
22 1 68
17 21 37
12 13 5
13 14 45
9 12 90
12 14 61
15 18 16
22 1 54
12 16 13
11 14 77
19 23 46
7 11 39
20 21 92
10 14 79
15 16 28
5 8 42
15 18 51
23 1 57
10 12 11
13 16 91
11 13 67
18 22 50
14 19 98
15 19 32
0 3 26
11 14 97
9 13 72
20 23 45
19 23 42
5 8 11
15 18 60
7 11 38
8 11 34
1 4 97
6 9 33
17 19 23
11 15 53
23 2 1
22 0 78
23 1 50
0 2 90
1 4 85
19 23 79
19 22 53
21 0 20
2 5 1
0 1 21
3 7 44
16 19 92
6 9 54
22 0 12
18 20 32
7 9 34
19 23 6
22 2 58
2 3 99
19 20 37
5 8 88
18 21 71
4 9 59
0 3 94
17 20 8
9 12 75
2 6 11
16 19 87
14 18 97
14 17 89
12 14 10
20 22 23
19 22 48
10 14 1
23 1 99
8 11 94
3 5 55
18 20 72
7 11 54
12 15 48
22 2 18
12 15 53
13 16 12
8 11 42
12 14 44
11 15 61
1 4 63
20 0 36
8 11 31
9 12 23
5 7 92
14 16 10
1 3 68
23 2 51
4 7 98
18 21 100
21 0 80
6 10 16
2 6 17
17 21 24
9 12 27
4 7 10
23 3 24
12 17 97
16 19 100
18 20 21
13 15 69
16 20 14
17 20 66
21 23 1
9 13 5
17 21 19
5 9 14
10 12 57
21 0 50
13 15 48
13 16 98
3 7 69
9 13 74
14 17 50
1 3 98
10 13 5
11 15 7
3 6 25
22 0 96
14 16 86
5 9 61
14 17 72
20 23 69
14 18 42
23 2 53
14 17 91
20 23 11
1 5 55
7 10 66
8 11 26
1 3 33
1 5 56
23 3 98
23 2 84
21 22 31
17 20 75
13 16 30
21 1 94
3 5 70
22 0 35
20 22 25
3 7 52
14 16 9
6 9 19
1 4 4
1 4 39
20 22 24
4 6 1
5 9 17
22 0 19
13 17 55
21 1 28
15 17 84
12 15 93
19 22 76
22 1 82
15 18 16
6 9 23
16 19 9
1 2 9
1 4 63
17 19 18
7 10 48
0 3 68
11 14 73
23 2 44
16 19 56
13 14 18
5 8 69
10 13 58
7 12 61
6 9 46
13 14 11
16 19 33
2 5 37
20 0 3
16 17 23
1 3 46
3 5 45
8 13 97
2 5 38
5 8 58
3 5 33
22 3 86
12 15 94
3 6 87
17 18 38
2 5 89
3 7 28
12 16 33
19 23 67
6 9 5
1 4 73
4 7 24
6 9 68
5 9 40
14 17 96
22 2 17
4 6 87
20 23 78
2 5 25
2 6 29
1 5 62
19 22 38
19 22 11
15 19 22
7 9 80
15 19 100
13 17 1
22 2 65
12 16 13
9 11 69
14 16 57
12 14 75
9 13 43
19 23 53
7 11 2
19 23 51
22 3 5
16 17 69
2 4 69
3 6 87
14 16 17
22 3 28
5 8 64
2 5 11
23 2 12
20 23 52
14 16 30
10 14 65
10 14 33
5 9 3
5 6 27
11 15 97
8 10 4
18 22 49
21 23 92
9 12 43
2 6 66
17 21 74
14 16 79
15 19 46
10 12 5
20 22 16
4 9 83
8 12 6
16 19 10
12 17 17
23 2 86
6 11 45
20 0 49
1 6 53
10 13 89
0 3 17
12 15 43
7 8 64
1 5 63
10 12 76
12 14 34
17 21 16
17 20 46
20 21 58
4 7 2
7 8 99
13 16 76
16 18 100
2 5 14
12 15 27
15 19 89
21 1 46
18 21 42
22 23 99
20 22 7
12 14 14
22 1 29
7 10 41
13 16 25
0 1 92
11 13 42
6 9 76
13 16 4
22 0 54
4 7 35
21 23 11
23 3 88
2 5 2
0 3 25
2 4 80
15 17 15
6 10 84
22 0 77
3 6 21
3 6 49
19 21 92
10 14 72
5 9 36
23 4 3
0 3 76
14 18 40
8 13 95
19 22 53
7 10 6
18 20 89
10 13 40
4 6 59
0 4 89
20 20 18
14 17 82
22 1 93
7 9 68
23 4 33
19 0 30
22 1 26
5 10 57
6 8 4
20 23 33
5 7 80
1 2 22
18 23 91
22 1 4
8 9 46
19 20 71
6 10 53
6 10 31
22 1 52
7 9 27
22 1 95
16 18 4
10 12 75
5 7 53
6 12 77
15 18 75
10 13 10
7 11 50
23 3 97
7 11 20
1 3 100
9 11 11
17 19 32
10 11 26
14 18 41
4 7 68
6 8 29
10 15 21
18 22 7
4 8 81
17 21 89
9 11 18
23 2 21
0 2 90
2 3 55
21 1 29
5 10 42
14 18 38
18 21 33
6 7 69
14 16 73
15 17 83
22 3 11
2 5 73
0 3 82
11 14 97
21 0 85
5 8 10
0 2 63
4 7 31
2 5 38
15 18 93
8 13 41
10 13 96
18 21 16
13 15 73
2 5 33
9 12 17
20 0 99
21 1 84
17 19 91
12 14 88
3 8 65
12 14 32
16 18 29
15 18 42
10 13 86
16 20 54
19 22 10
17 20 16
4 7 47
5 6 50
3 5 52
18 21 44
21 23 24
4 6 93
1 4 13
13 16 1
20 22 1
15 17 25
0 1 5
23 3 50
1 4 82
11 14 24
16 19 17
4 8 100
3 6 30
15 17 65
21 23 6
1 4 35
2 5 91
15 18 72
22 23 2
2 4 21
19 23 78
10 13 71
0 3 11
15 18 46
2 5 61
22 1 15
9 12 62
22 1 60
18 21 97
1 5 31
1 4 64
14 15 6
8 13 79
16 20 55
12 14 14
21 0 38
0 4 99
7 9 100
2 5 33
4 8 67
20 23 96
11 14 23
22 1 5
8 10 54
13 18 81
1 6 70
22 2 86
13 16 46
14 17 16
3 7 28
19 22 4
16 19 59
11 13 61
10 14 70
9 11 25
14 16 79
6 10 48
13 15 68
12 16 97
3 5 87
20 23 55
22 2 55
21 0 57
18 21 61
11 14 82
7 11 56
14 17 28
6 8 67
1 3 88
14 18 32
21 23 45
18 23 83
0 3 12
1 4 88
6 9 47
11 14 69
1 4 96
23 3 53
0 3 80
8 12 38
0 2 5
5 8 45
14 16 55
17 20 33
8 10 84
11 15 22
4 6 80
0 4 23
15 20 27
0 3 76
2 5 98
15 18 77
12 15 30
19 21 69
17 19 58
17 19 29
23 2 28
21 1 79
23 4 81
14 17 13
17 21 33
4 7 35
18 22 26
2 5 48
13 15 54
12 16 92
4 7 7
5 8 49
4 9 19
13 18 22
8 12 82
4 7 12
20 23 80
14 17 18
23 3 62
12 15 28
1 4 25
14 16 40
11 15 7
14 18 31
6 10 16
18 21 47
0 3 14
9 11 70
1 3 95
3 7 21
17 17 36
21 0 21
18 22 14
17 20 76
18 21 55
14 19 82
2 4 25
8 10 47
16 21 16
20 1 99
18 20 72
7 10 28
5 8 7
19 23 56
9 13 64
16 20 38
22 3 37
4 7 27
20 0 87
21 0 45
7 11 67
13 17 1
19 23 98
16 18 79
12 15 35
21 23 83
5 9 30
17 21 30
7 10 99
14 16 55
5 10 73
3 6 96
4 6 73
0 2 40
4 7 7
6 7 98
6 9 3
17 19 29
11 15 60
8 11 2
17 20 70
22 1 10
22 1 49
5 7 100
23 3 52
4 7 15
2 4 70
15 17 94
2 5 79
6 11 97
18 21 89
4 8 93
7 9 65
18 22 12
5 8 79
10 11 80
17 22 37
7 10 75
14 17 7
0 2 30
3 5 23
13 17 92
19 22 20
9 12 96
1 5 51
13 16 48
3 7 77
0 3 27
7 10 33
17 19 10
5 8 22
1 4 19
13 16 73
21 0 37
13 16 15
13 15 8
21 0 14
13 14 75
10 12 80
12 13 84
22 0 9
19 0 90
14 16 64
15 17 5
18 20 17
21 0 64
15 18 81
11 14 43
13 16 36
5 9 71
9 13 34
0 4 9
15 17 81
14 18 5
14 17 14
16 20 17
2 5 65
0 1 45
19 23 90
12 14 37
21 23 5
17 21 74
5 9 73
1 4 40
8 11 50
8 13 58
2 4 97
23 1 63
16 20 48
18 21 23
0 4 83
8 10 10
1 3 38
23 2 83
11 13 55
5 7 12
21 1 59
2 5 16
12 15 14
9 12 72
21 1 64
16 19 18
11 14 4
0 3 2
18 20 28
12 14 54
10 14 56
19 22 3
21 0 49
2 5 89
12 14 100
13 17 51
5 8 76
8 11 11
21 2 36
0 1 64
16 19 5
8 11 17
3 5 6
17 21 70
9 12 66
15 19 51
18 21 36
19 21 27
7 9 78
14 17 84
23 3 17
9 13 91
13 14 22
23 0 85
11 13 74
15 15 63
4 6 68
4 7 26
22 1 31
13 18 38
10 13 6
10 13 71
11 13 48
17 21 72
1 4 58
11 14 21
10 12 41
2 6 4
7 9 36
7 10 35
7 9 71
16 19 81
23 2 1
14 18 85
12 14 83
18 20 2
4 7 81
8 10 7
23 3 37
22 3 9
9 14 82
4 8 34
16 18 38
12 13 83
7 9 28
1 3 71
15 17 69
20 1 58
20 23 42
20 23 15
6 9 16
9 13 31
11 16 34
14 15 76
23 2 44
17 21 81
11 13 41
22 1 74
10 13 93
21 1 34
16 19 24
16 18 28
18 22 69
4 6 38
21 0 52
9 13 24
7 10 15
15 18 56
8 11 40
1 4 38
23 3 56
3 4 72
0 1 24
9 12 45
6 8 32
11 13 94
3 6 82
23 2 22
3 6 28
10 13 60
16 20 87
19 22 42
20 22 61
16 18 82
12 15 39
20 21 86
0 2 89
17 19 12
23 2 80
19 22 42
10 14 58
13 15 16
8 13 99
13 15 14
0 3 18
3 7 75
15 19 42
13 15 62
5 7 60
19 23 20
21 23 16
17 19 17
11 14 20
22 1 4
6 7 69
22 0 33
11 14 48
15 18 5
12 15 74
1 4 68
6 8 68
15 17 21
10 15 9
20 23 56
19 22 56
4 9 44
21 23 91
16 19 58
15 17 18
15 18 36
18 23 19
7 10 93
13 15 12
7 11 2
5 8 28
14 16 5
20 23 90
6 11 22
13 16 76
7 10 68
9 11 31
5 8 80
22 2 77
18 20 21
3 6 72
3 6 23
13 16 77
3 5 100
14 17 41
11 13 19
16 20 62
13 17 27
7 10 50
13 15 24
23 2 55
19 0 20
18 20 52
22 1 78
20 21 9
16 19 53
11 12 11
1 3 34
0 3 63
18 21 53
11 16 67
11 14 77
7 10 63
19 22 53
18 20 84
23 1 57
20 22 88
2 4 60
8 12 88
5 9 23
10 13 39
0 3 62
5 7 95
0 3 36
16 19 44
23 1 43
8 13 74
14 17 78
19 23 84
15 20 61
21 1 65
6 9 15
5 10 66
22 0 34
19 20 16
16 18 19
10 13 75
17 21 53
5 8 68
1 4 88
7 8 75
20 23 7
18 21 24
20 22 9
12 15 51
21 0 44
4 7 71
17 20 97
18 21 47
9 13 80
21 23 6
14 16 34
10 14 55
19 22 26
7 10 54
5 7 86
1 4 71
0 3 14
9 10 40
2 5 37
8 11 47
0 4 53
18 22 87
18 20 87
16 20 14
22 0 7
17 20 16
10 12 35
18 21 37
8 11 79
4 6 86
7 10 86
21 1 2
1 3 86
11 13 14
18 20 43
9 12 64
21 1 57
0 3 26
4 8 50
3 5 86
2 5 10
11 16 57
21 0 84
3 6 47
9 13 16
20 23 90
19 22 12
2 5 31
18 20 25
3 5 61
23 1 60
17 18 95
18 20 91
13 17 21
12 15 85
0 3 70
2 4 44
20 0 75
3 8 38
6 10 20
6 7 43
2 3 27
22 1 6
10 12 39
16 19 17
6 10 14
5 7 30
2 4 37
19 23 71
0 3 74
5 11 53
11 15 53
13 16 13
3 8 14
6 9 8
17 21 26
5 8 1
1 2 87
15 17 38
0 3 94
19 23 48
17 20 72
20 0 58
15 18 33
13 16 28
6 8 26
6 9 42
23 2 17
9 12 30
7 10 26
21 0 56
12 14 72
3 5 74
9 13 82
3 5 19
7 8 91
9 11 79
6 8 69
20 22 24
12 16 99
15 16 36
8 11 2
10 12 44
16 21 16
22 1 30
23 1 81
0 5 64
21 0 3
7 9 18
23 2 85
9 12 87
8 11 37
11 15 67
15 18 27
8 10 58
15 17 46
12 15 100
3 7 53
16 20 35
3 6 10
11 14 7
9 12 81
1 5 13
21 0 18
12 16 26
19 22 14
17 22 19
23 2 22
11 15 29
0 2 96
7 9 19
12 15 41
11 14 38
10 12 87
2 6 42
5 7 59
10 13 51
5 8 19
8 11 26
14 16 95
18 22 99
0 3 48
15 19 90
6 9 6
13 17 74
22 2 48
3 5 66
1 3 63
3 6 64
22 3 83
10 14 19
2 5 76
23 0 17
21 0 64
21 0 79
16 19 85
18 21 18
12 14 70
5 9 32
2 4 9
15 18 35
8 11 66
7 9 74
12 16 2
4 7 11
2 5 74
17 20 96
7 10 28
9 12 17
9 10 33
9 14 4
21 0 32
15 18 58
4 7 53
20 23 69
6 9 83
1 4 59
12 14 72
21 0 45
20 22 80
3 5 52
4 8 48
7 9 98
13 16 87
10 13 42
7 11 80
11 15 98
22 23 54
2 3 38
22 1 9
16 19 71
17 19 50
23 2 82
13 17 62
18 21 48
7 10 93
0 3 83
4 7 13
4 8 40
23 3 82
19 21 69
23 2 4
3 4 57
16 20 6
7 10 62
2 4 16
16 18 22
7 9 61
22 1 52
8 9 5
15 18 72
19 0 93
13 16 3
4 7 57
5 7 88
7 11 15
18 21 28
14 16 17
6 8 57
12 13 42
18 21 60
6 9 14
23 1 88
15 17 14
18 20 28
6 9 71
1 3 53
20 0 4
7 10 76
11 13 12
16 19 3
22 2 9
3 7 75
10 13 77
21 0 13
11 14 2
23 2 64
23 2 72
3 6 26
9 10 37
6 8 22
18 21 93
12 13 9
2 7 5
0 3 81
12 14 25
22 2 79
10 14 56
13 15 90
10 14 47
22 23 5
12 16 85
21 0 7
22 1 72
7 9 36
3 6 31
23 3 73
18 23 68
7 11 48
12 16 45
14 17 72
14 17 81
20 23 81
21 0 62
23 1 11
19 23 23
17 19 40
20 22 66
11 13 9
18 22 29
22 0 22
19 21 68
11 14 19
1 4 73
13 15 32
20 22 78
13 16 95
2 6 48
12 15 25
8 11 32
19 21 18
8 13 79
15 17 40
17 20 33
23 0 35
10 13 48
23 1 11
0 4 100
19 20 79
2 5 1
16 19 18
16 19 97
20 23 40
1 3 77
23 1 75
23 2 94
12 13 11
1 3 95
6 11 94
6 9 64
9 13 59
11 14 65
11 15 57
14 16 4
22 1 76
6 9 44
21 1 18
14 18 44
22 23 46
0 3 57
7 10 43
0 3 2
0 1 19
22 2 91
21 0 74
4 7 11
11 13 1
23 2 11
12 15 95
1 4 66
14 19 84
13 16 24
22 2 72
1 2 81
13 15 16
8 13 66
2 5 47
23 3 23
23 2 10
0 5 41
20 22 28
0 3 88
8 10 39
0 3 81
18 21 50
2 3 7
11 14 16
8 11 74
8 11 45
17 20 8
1 3 87
16 19 22
12 15 81
15 18 90
14 16 64
0 4 28
15 18 60
8 10 90
18 22 37
18 21 78
21 1 66
20 0 21
12 14 69
8 10 50
2 5 60
17 20 90
7 9 98
3 7 86
23 3 58
10 12 65
12 16 78
11 14 91
7 11 73
22 0 20
7 9 63
9 11 2
5 8 5
19 21 34
15 18 11
0 3 60
1 4 83
0 4 80
14 15 10
17 20 90
19 21 41
8 12 5
3 5 89
16 20 84
9 14 44
6 9 22
20 23 69
22 0 10
13 16 64
23 2 5
15 17 57
12 16 58
16 18 16
9 12 21
12 17 62
7 10 100
21 23 95
8 12 27
21 0 14
18 21 48
4 9 96
17 20 13
4 5 38
19 21 47
7 10 57
12 16 12
19 22 96
1 5 74
3 7 16
9 12 73
19 23 69
14 17 26
18 21 6
14 17 84
2 5 99
1 4 91
5 7 35
19 21 39
21 22 87
8 8 19
9 13 30
18 21 48
16 19 88
10 13 77
10 12 11
9 11 31
11 14 42
13 16 41
1 5 92
15 16 70
4 7 63
7 10 52
0 4 74
11 14 54
15 18 20
2 5 87
21 23 90
16 20 88
18 21 31
7 11 2
18 20 81
8 13 84
21 22 88
21 0 61
17 20 51
9 11 60
4 6 71
15 19 88
10 13 92
9 11 49
22 2 96
6 9 61
23 2 11
18 22 15
1 4 93
10 12 87
14 18 91
15 19 46
5 7 38
8 10 45
6 9 18
19 23 46
18 20 27
22 2 92
2 5 91
3 4 54
10 13 23
11 14 92
23 3 74
6 9 95
22 1 39
4 8 45
5 6 9
22 1 71
8 12 34
11 14 8
4 7 86
18 21 27
19 22 20
22 2 86
17 19 2
10 14 96
6 9 3
18 20 94
20 23 38
23 1 71
6 10 96
22 1 64
5 9 18
3 4 100
6 10 83
23 1 82
12 14 55
0 2 42
15 18 36
1 5 71
1 5 50
21 1 84
3 5 39
3 8 25
23 2 76
6 10 8
1 4 84
4 7 81
21 1 38
13 15 64
13 17 97
9 14 37
5 8 69
11 13 2
18 22 68
14 17 15
15 18 81
23 3 100
1 5 33
8 10 79
16 18 52
21 0 1
13 15 15
10 12 23
14 19 33
11 14 71
22 1 95
19 23 94
23 1 55
17 20 85
7 12 56
4 8 72
16 20 30
2 5 17
6 10 97
4 9 76
16 19 63
6 8 76
15 18 69
16 19 75
22 3 17
13 17 29
19 22 99
0 2 33
11 13 33
21 23 7
1 5 58
11 14 23
8 10 98
16 18 2
7 9 60
4 8 59
6 9 26
23 1 41
6 9 84
14 17 79
3 6 39
20 19 71
15 16 66
14 16 12
10 11 77
2 5 79
22 0 34
10 13 31
5 8 13
18 22 6
4 7 97
9 11 9
7 9 35
17 21 4
11 14 82
7 11 74
13 16 36
2 5 86
2 7 25
15 19 89
17 19 21
22 0 38
17 20 48
0 2 26
16 20 96
19 22 78
4 7 18
22 1 32
0 2 83
23 2 69
17 19 14
21 23 8
8 10 81
22 2 79
21 1 55
20 23 93
1 4 38
16 19 4
19 23 65
13 15 11
11 14 30
11 12 8
9 10 20
13 14 35
6 9 97
3 5 27
14 19 34
11 12 44
5 6 95
8 11 18
2 6 22
16 19 96
12 15 37
13 16 72
4 8 58
17 19 32
1 4 92
10 13 33
13 16 18
10 12 52
7 9 58
17 19 89
2 5 81
11 14 72
2 6 97
12 14 70
8 14 84
4 7 99
3 6 16
23 2 55
9 10 7
15 19 53
15 18 82
9 14 67
1 5 42
22 3 49
13 17 92
11 13 47
12 16 65
1 2 60
19 23 22
21 1 71
16 19 49
19 22 9
15 21 24
2 6 29
23 2 21
12 13 78
4 7 53
23 3 74
12 14 55
12 16 4
6 9 23
10 15 40
5 8 19
4 6 78
11 12 27
8 11 91
12 15 15
12 16 35
0 4 59
10 12 12
2 6 61
11 14 74
2 5 46
3 6 41
10 11 29
11 15 51
21 0 85
11 16 2
14 18 15
12 16 71
2 4 5
16 21 28
9 12 29
16 19 69
7 10 6
10 11 50
14 16 95
5 9 41
5 8 1
14 17 57
23 2 99
23 0 65
19 23 76
7 10 12
21 23 65
14 17 25
6 8 38
13 16 10
11 14 19
17 20 8
3 7 90
19 21 67
16 20 29
0 2 1
21 23 76
19 22 3
18 22 41
18 20 6
16 19 60
19 23 8
2 5 33
18 22 49
3 7 46
13 16 21
23 4 78
13 15 93
